Appling	795	18.78	760	17.95	2678	63.26	0	0	4233
Atkinson	288	11.39	686	27.14	1554	61.47	0	0	2528
Bacon	586	20.93	279	9.96	1935	69.11	0	0	2800
Baker	99	5.78	548	31.97	1067	62.25	0	0	1714
Baldwin	2318	32.60	2109	29.66	2678	37.66	6	0.10	7111
Banks	398	18.70	296	13.91	1434	67.39	0	0	2128
Barrow	1372	26.52	1070	20.68	2731	52.79	0	0	5173
Bartow	2045	24.78	2149	26.05	4052	49.11	5	0.10	8251
Ben_Hill	661	19.61	876	25.99	1833	54.38	1	0.00	3371
Berrien	566	14.79	451	11.78	2810	73.41	1	0.00	3828
Bibb	13490	32.59	10579	25.55	17328	41.86	0	0	41397
Bleckley	756	20.94	396	10.97	2458	68.07	1	0.00	3611
Brantley	237	10.47	317	14.01	1709	75.52	0	0	2263
Brooks	589	15.58	787	20.82	2404	63.60	0	0	3780
Bryan	381	16.08	560	23.64	1428	60.28	0	0	2369
Bulloch	2113	26.90	1788	22.77	3953	50.33	0	0	7854
Burke	1416	28.93	1676	34.25	1802	36.82	0	0	4894
Butts	584	19.25	959	31.62	1490	49.13	0	0	3033
Calhoun	234	12.25	697	36.49	979	51.26	0	0	1910
Camden	751	19.33	1146	29.50	1988	51.17	0	0	3885
Candler	552	19.98	587	21.25	1624	58.78	0	0	2763
Carroll	3135	26.19	2326	19.43	6509	54.38	0	0	11970
Catoosa	2043	21.75	901	9.59	6449	68.66	0	0	9393
Charlton	332	17.08	455	23.41	1157	59.52	0	0	1944
Chatham	18106	33.81	18201	33.99	17238	32.19	0	0	53545
Chattahoochee	70	13.44	148	28.41	303	58.16	0	0	521
Chattooga	1087	20.26	1255	23.39	3024	56.35	0	0	5366
Cherokee	2675	35.85	1434	19.22	3351	44.91	2	0.00	7462
Clarke	5800	39.17	5543	37.43	3452	23.31	13	0.10	14808
Clay	133	10.57	516	41.02	608	48.33	1	0.10	1258
Clayton	8256	35.22	3510	14.98	11665	49.77	7	0.00	23438
Clinch	304	17.08	334	18.76	1142	64.16	0	0	1780
Cobb	18649	41.25	8755	19.37	17805	39.38	0	0	45209
Coffee	1241	19.52	1331	20.94	3785	59.54	0	0	6357
Colquitt	1882	20.18	1119	12.00	6325	67.82	0	0	9326
Columbia	1636	34.46	905	19.06	2207	46.48	0	0	4748
Cook	521	14.62	603	16.92	2438	68.41	2	0.10	3564
Coweta	2442	32.84	1204	16.19	3791	50.97	0	0	7437
Crawford	246	15.18	489	30.17	886	54.66	0	0	1621
Crisp	935	17.90	1017	19.47	3271	62.63	0	0	5223
Dade	613	18.27	282	8.41	2460	73.32	0	0	3355
Dawson	509	31.81	246	15.38	845	52.81	0	0	1600
Decatur	749	10.62	1729	24.51	4576	64.87	0	0	7054
DeKalb	52485	50.35	27796	26.67	23954	22.98	2	0.00	104237
Dodge	1055	18.54	1230	21.61	3406	59.85	0	0	5691
Dooly	454	14.48	879	28.03	1803	57.49	0	0	3136
Dougherty	5611	29.91	3831	20.42	9317	49.66	3	0.00	18762
Douglas	1848	25.49	1242	17.13	4159	57.37	0	0	7249
Early	327	8.37	785	20.08	2797	71.55	0	0	3909
Echols	53	8.26	56	8.72	533	83.02	0	0	642
Effingham	769	19.39	635	16.02	2561	64.59	0	0	3965
Elbert	914	16.98	1216	22.59	3252	60.42	0	0	5382
Emanuel	1297	21.22	1508	24.67	3307	54.11	0	0	6112
Evans	543	21.63	492	19.60	1475	58.76	0	0	2510
Fannin	3475	58.98	1229	20.86	1188	20.16	0	0	5892
Fayette	867	26.22	551	16.66	1888	57.09	1	0.00	3307
Floyd	7470	34.72	4036	18.76	10001	46.49	5	0.00	21512
Forsyth	1389	31.33	647	14.60	2397	54.07	0	0	4433
Franklin	716	17.16	766	18.36	2691	64.49	0	0	4173
Fulton	64153	35.83	77847	43.47	36995	20.66	73	0.00	179068
Gilmer	2074	51.55	690	17.15	1259	31.30	0	0	4023
Glascock	185	19.17	47	4.87	733	75.96	0	0	965
Glynn	3725	30.24	3247	26.36	5341	43.36	4	0.00	12317
Gordon	1815	29.99	1161	19.18	3077	50.83	0	0	6053
Grady	561	9.67	1425	24.56	3817	65.78	0	0	5803
Greene	652	18.58	1635	46.58	1223	34.84	0	0	3510
Gwinnett	5350	30.59	3226	18.45	8909	50.94	4	0.00	17489
Habersham	1611	28.32	1070	18.81	3008	52.87	0	0	5689
Hall	4923	36.08	3174	23.26	5546	40.65	0	0	13643
Hancock	381	10.44	2165	59.32	1104	30.25	0	0	3650
Haralson	1451	26.51	771	14.09	3251	59.40	0	0	5473
Harris	1021	25.89	1072	27.18	1851	46.93	0	0	3944
Hart	586	12.27	979	20.51	3208	67.20	1	0.00	4774
Heard	303	16.72	356	19.65	1153	63.63	0	0	1812
Henry	2017	25.41	2317	29.19	3604	45.40	0	0	7938
Houston	4285	29.64	2831	19.58	7339	50.76	2	0.00	14457
Irwin	430	15.03	474	16.57	1955	68.36	1	0.00	2860
Jackson	1139	18.52	1537	25.00	3473	56.48	0	0	6149
Jasper	456	20.57	835	37.66	926	41.77	0	0	2217
Jeff_Davis	577	19.82	376	12.92	1958	67.26	0	0	2911
Jefferson	1227	23.51	1899	36.39	2090	40.05	2	0.00	5218
Jenkins	574	22.71	704	27.86	1249	49.43	0	0	2527
Johnson	381	13.28	446	15.55	2041	71.16	0	0	2868
Jones	693	19.42	1105	30.97	1770	49.61	0	0	3568
Lamar	575	20.50	790	28.16	1440	51.34	0	0	2805
Lanier	241	15.63	277	17.96	1024	66.41	0	0	1542
Laurens	2738	21.33	3451	26.88	6649	51.79	0	0	12838
Lee	389	17.18	673	29.73	1201	53.05	1	0.00	2264
Liberty	592	16.78	1572	44.55	1365	38.68	0	0	3529
Lincoln	408	18.64	491	22.43	1290	58.93	0	0	2189
Long	156	8.83	574	32.48	1037	58.69	0	0	1767
Lowndes	3073	27.55	2402	21.53	5679	50.91	0	0	11154
Lumpkin	687	32.24	396	18.58	1048	49.18	0	0	2131
McDuffie	1324	32.89	991	24.62	1709	42.46	1	0.00	4025
McIntosh	315	15.01	943	44.93	841	40.07	0	0	2099
Macon	598	19.22	954	30.67	1559	50.11	0	0	3111
Madison	600	16.00	621	16.56	2529	67.42	1	0.00	3751
Marion	186	14.51	247	19.27	849	66.22	0	0	1282
Meriwether	1120	20.55	1760	32.29	2571	47.17	0	0	5451
Miller	249	10.91	171	7.49	1862	81.60	0	0	2282
Mitchell	731	12.97	1255	22.28	3647	64.73	1	0.00	5634
Monroe	770	23.91	1028	31.93	1422	44.16	0	0	3220
Montgomery	352	15.38	503	21.98	1433	62.63	0	0	2288
Morgan	616	20.67	973	32.65	1391	46.68	0	0	2980
Murray	1278	33.23	818	21.27	1750	45.50	0	0	3846
Muscogee	11193	32.36	7591	21.95	15804	45.69	2	0.00	34590
Newton	1660	24.87	1996	29.90	3017	45.20	2	0.00	6675
Oconee	713	28.16	414	16.35	1405	55.49	0	0	2532
Oglethorpe	383	14.71	483	18.56	1737	66.73	0	0	2603
Paulding	977	19.33	1023	20.24	3054	60.43	0	0	5054
Peach	904	23.16	1362	34.89	1638	41.96	0	0	3904
Pickens	1659	44.50	677	18.16	1392	37.34	0	0	3728
Pierce	579	17.93	507	15.70	2144	66.38	0	0	3230
Pike	345	14.26	632	26.13	1442	59.61	0	0	2419
Polk	1729	21.68	2007	25.16	4240	53.16	0	0	7976
Pulaski	595	22.22	514	19.19	1569	58.59	0	0	2678
Putnam	594	21.66	972	35.44	1177	42.91	0	0	2743
Quitman	90	12.05	198	26.51	459	61.45	0	0	747
Rabun	680	25.38	590	22.02	1407	52.52	2	0.10	2679
Randolph	502	16.91	1028	34.64	1438	48.45	0	0	2968
Richmond	14993	41.30	11770	32.42	9532	26.26	7	0.00	36302
Rockdale	1195	25.85	1213	26.24	2215	47.91	0	0	4623
Schley	164	15.02	309	28.30	619	56.68	0	0	1092
Screven	916	22.04	1411	33.94	1830	44.02	0	0	4157
Seminole	201	8.06	369	14.80	1922	77.10	1	0.00	2493
Spalding	3077	28.03	2949	26.86	4953	45.11	0	0	10979
Stephens	1295	25.23	1035	20.17	2802	54.60	0	0	5132
Stewart	233	14.09	489	29.56	932	56.35	0	0	1654
Sumter	1383	21.04	1701	25.88	3489	53.08	0	0	6573
Talbot	317	20.92	510	33.66	688	45.41	0	0	1515
Taliaferro	232	16.36	678	47.81	508	35.83	0	0	1418
Tattnall	852	16.34	957	18.35	3405	65.30	0	0	5214
Taylor	393	14.50	691	25.50	1626	60.00	0	0	2710
Telfair	720	16.90	1038	24.37	2502	58.73	0	0	4260
Terrell	545	15.06	1275	35.23	1798	49.68	1	0.00	3619
Thomas	2261	22.87	2583	26.13	5039	50.98	2	0.00	9885
Tift	1692	24.81	1187	17.40	3942	57.79	0	0	6821
Toombs	1397	24.52	896	15.72	3405	59.76	0	0	5698
Towns	1492	52.33	770	27.01	589	20.66	0	0	2851
Treutlen	474	25.00	341	17.99	1081	57.01	0	0	1896
Troup	3239	26.19	2896	23.42	6232	50.39	0	0	12367
Turner	419	15.66	412	15.40	1845	68.95	0	0	2676
Twiggs	336	14.51	812	35.08	1167	50.41	0	0	2315
Union	1221	39.37	974	31.41	906	29.22	0	0	3101
Upson	1494	22.73	1480	22.52	3599	54.75	0	0	6573
Walker	3664	25.58	1930	13.48	8725	60.92	2	0.00	14321
Walton	1399	19.99	1552	22.18	4047	57.83	0	0	6998
Ware	2047	20.07	2255	22.11	5895	57.81	0	0	10197
Warren	406	23.13	582	33.16	767	43.70	0	0	1755
Washington	1247	26.43	1443	30.58	2029	43.00	0	0	4719
Wayne	1313	22.97	980	17.15	3422	59.88	0	0	5715
Webster	72	10.10	147	20.62	494	69.28	0	0	713
Wheeler	251	15.00	488	29.17	934	55.83	0	0	1673
White	762	32.36	435	18.47	1157	49.13	1	0.00	2355
Whitfield	4828	41.95	2723	23.66	3954	34.36	3	0.00	11508
Wilcox	381	14.28	465	17.43	1822	68.29	0	0	2668
Wilkes	873	24.70	953	26.96	1709	48.35	0	0	3535
Wilkinson	685	20.24	829	24.50	1870	55.26	0	0	3384
Worth	603	13.79	719	16.45	3049	69.74	1	0.00	4372
Totals	380111	30.40	334440	26.75	535550	42.83	165	0.01	1250266
