Appling	601	90.38	64	9.62	0	0.00	0	0.00	0	0.00	537	80.75	665
Atkinson	747	94.20	41	5.17	3	0.38	2	0.25	0	0.00	706	89.03	793
Bacon	515	97.54	11	2.08	2	0.38	0	0.00	0	0.00	504	95.45	528
Baker	647	99.23	2	0.31	3	0.46	0	0.00	0	0.00	644	98.77	652
Baldwin	801	93.79	45	5.27	4	0.47	4	0.47	0	0.00	756	88.52	854
Banks	1283	94.27	58	4.26	20	1.47	0	0.00	0	0.00	1225	90.01	1361
Barrow	1111	97.03	23	2.01	9	0.79	2	0.17	0	0.00	1088	95.02	1145
Bartow	1546	92.19	121	7.22	9	0.54	1	0.06	0	0.00	1425	84.97	1677
Ben_Hill	1026	91.94	85	7.62	5	0.45	0	0.00	0	0.00	941	84.32	1116
Berrien	1447	97.44	19	1.28	19	1.28	0	0.00	0	0.00	1428	96.16	1485
Bibb	4372	90.93	405	8.42	22	0.46	8	0.17	1	0.02	3967	82.51	4808
Bleckley	1338	97.24	37	2.69	0	0.00	1	0.07	0	0.00	1301	94.55	1376
Brantley	693	96.65	22	3.07	2	0.28	0	0.00	0	0.00	671	93.58	717
Brooks	1426	94.69	75	4.98	5	0.33	0	0.00	0	0.00	1351	89.71	1506
Bryan	353	94.64	17	4.56	3	0.80	0	0.00	0	0.00	336	90.08	373
Bulloch	2203	98.74	17	0.76	9	0.40	2	0.09	0	0.00	2186	97.98	2231
Burke	498	95.40	18	3.45	6	1.15	0	0.00	0	0.00	480	91.95	522
Butts	1693	98.14	21	1.22	11	0.64	0	0.00	0	0.00	1672	96.93	1725
Calhoun	483	97.18	10	2.01	4	0.80	0	0.00	0	0.00	473	95.17	497
Camden	417	88.91	49	10.45	3	0.64	0	0.00	0	0.00	368	78.46	469
Candler	476	97.14	13	2.65	1	0.20	0	0.00	0	0.00	463	94.49	490
Carroll	3232	91.14	284	8.01	30	0.85	0	0.00	0	0.00	2948	83.14	3546
Catoosa	985	88.18	123	11.01	5	0.45	4	0.36	0	0.00	862	77.17	1117
Charlton	330	90.91	32	8.82	1	0.28	0	0.00	0	0.00	298	82.09	363
Chatham	8020	82.31	1669	17.13	13	0.13	39	0.40	3	0.03	6351	65.18	9744
Chattahoochee	186	99.47	1	0.53	0	0.00	0	0.00	0	0.00	185	98.93	187
Chattooga	2200	91.25	188	7.80	22	0.91	1	0.04	0	0.00	2012	83.45	2411
Cherokee	1727	83.88	314	15.25	14	0.68	3	0.15	1	0.05	1413	68.63	2059
Clarke	1992	92.05	159	7.35	4	0.18	9	0.42	0	0.00	1833	84.70	2164
Clay	433	96.65	12	2.68	3	0.67	0	0.00	0	0.00	421	93.97	448
Clayton	1361	97.01	35	2.49	5	0.36	2	0.14	0	0.00	1326	94.51	1403
Clinch	461	97.26	11	2.32	2	0.42	0	0.00	0	0.00	450	94.94	474
Cobb	3079	92.71	218	6.56	23	0.69	1	0.03	0	0.00	2861	86.15	3321
Coffee	1652	97.06	29	1.70	17	1.00	4	0.24	0	0.00	1623	95.36	1702
Colquitt	3534	96.77	101	2.77	15	0.41	2	0.05	0	0.00	3433	94.00	3652
Columbia	528	97.96	11	2.04	0	0.00	0	0.00	0	0.00	517	95.92	539
Cook	1408	97.78	25	1.74	6	0.42	1	0.07	0	0.00	1383	96.04	1440
Coweta	2183	97.67	46	2.06	6	0.27	0	0.00	0	0.00	2137	95.62	2235
Crawford	272	96.80	9	3.20	0	0.00	0	0.00	0	0.00	263	93.59	281
Crisp	725	97.97	10	1.35	4	0.54	1	0.14	0	0.00	715	96.62	740
Dade	770	86.81	103	11.61	7	0.79	7	0.79	0	0.00	667	75.20	887
Dawson	567	83.88	105	15.53	4	0.59	0	0.00	0	0.00	462	68.34	676
Decatur	1169	93.00	65	5.17	7	0.56	16	1.27	0	0.00	1104	87.83	1257
De_Kalb	5323	88.14	633	10.48	37	0.61	45	0.75	1	0.02	4690	77.66	6039
Dodge	2809	98.80	33	1.16	1	0.04	0	0.00	0	0.00	2776	97.64	2843
Dooly	1139	98.96	8	0.70	4	0.35	0	0.00	0	0.00	1131	98.26	1151
Dougherty	2012	95.04	95	4.49	2	0.09	8	0.38	0	0.00	1917	90.55	2117
Douglas	1013	93.19	57	5.24	16	1.47	1	0.09	0	0.00	956	87.95	1087
Early	1131	98.18	19	1.65	2	0.17	0	0.00	0	0.00	1112	96.53	1152
Echols	414	98.81	5	1.19	0	0.00	0	0.00	0	0.00	409	97.61	419
Effingham	518	84.92	90	14.75	2	0.33	0	0.00	0	0.00	428	70.16	610
Elbert	2023	95.47	77	3.63	16	0.76	3	0.14	0	0.00	1946	91.84	2119
Emanuel	2420	98.49	33	1.34	2	0.08	2	0.08	0	0.00	2387	97.15	2457
Evans	548	95.14	21	3.65	7	1.22	0	0.00	0	0.00	527	91.49	576
Fannin	1375	41.14	1967	58.86	0	0.00	0	0.00	0	0.00	-592	-17.71	3342
Fayette	746	99.07	6	0.80	1	0.13	0	0.00	0	0.00	740	98.27	753
Floyd	4342	92.94	300	6.42	19	0.41	11	0.24	0	0.00	4042	86.52	4672
Forsyth	1627	92.97	117	6.69	6	0.34	0	0.00	0	0.00	1510	86.29	1750
Franklin	1361	93.16	78	5.34	18	1.23	4	0.27	0	0.00	1283	87.82	1461
Fulton	20137	89.69	2063	9.19	144	0.64	103	0.46	6	0.03	18074	80.50	22453
Gilmer	1210	66.27	616	33.73	0	0.00	0	0.00	0	0.00	594	32.53	1826
Glascock	393	98.25	7	1.75	0	0.00	0	0.00	0	0.00	386	96.50	400
Glynn	1262	86.91	186	12.81	2	0.14	2	0.14	0	0.00	1076	74.10	1452
Gordon	1708	92.42	122	6.60	13	0.70	5	0.27	0	0.00	1586	85.82	1848
Grady	2184	96.89	60	2.66	10	0.44	0	0.00	0	0.00	2124	94.23	2254
Greene	918	94.44	52	5.35	2	0.21	0	0.00	0	0.00	866	89.09	972
Gwinnett	2616	96.60	91	3.36	0	0.00	1	0.04	0	0.00	2525	93.24	2708
Habersham	1693	86.95	225	11.56	15	0.77	14	0.72	0	0.00	1468	75.40	1947
Hall	2649	95.29	120	4.32	11	0.40	0	0.00	0	0.00	2529	90.97	2780
Hancock	529	96.01	18	3.27	4	0.73	0	0.00	0	0.00	511	92.74	551
Haralson	1278	85.14	223	14.86	0	0.00	0	0.00	0	0.00	1055	70.29	1501
Harris	851	97.26	21	2.40	3	0.34	0	0.00	0	0.00	830	94.86	875
Hart	1261	98.98	12	0.94	1	0.08	0	0.00	0	0.00	1249	98.04	1274
Heard	989	97.34	24	2.36	3	0.30	0	0.00	0	0.00	965	94.98	1016
Henry	1496	97.65	21	1.37	15	0.98	0	0.00	0	0.00	1475	96.28	1532
Houston	460	94.46	27	5.54	0	0.00	0	0.00	0	0.00	433	88.91	487
Irwin	1416	98.40	22	1.53	1	0.07	0	0.00	0	0.00	1394	96.87	1439
Jackson	1389	93.54	80	5.39	12	0.81	4	0.27	0	0.00	1309	88.15	1485
Jasper	773	97.85	14	1.77	3	0.38	0	0.00	0	0.00	759	96.08	790
Jeff_Davis	1179	95.70	50	4.06	3	0.24	0	0.00	0	0.00	1129	91.64	1232
Jefferson	1454	94.66	65	4.23	16	1.04	1	0.07	0	0.00	1389	90.43	1536
Jenkins	510	96.23	20	3.77	0	0.00	0	0.00	0	0.00	490	92.45	530
Johnson	1314	98.06	18	1.34	8	0.60	0	0.00	0	0.00	1296	96.72	1340
Jones	553	99.46	0	0.00	2	0.36	1	0.18	0	0.00	551	99.10	556
Lamar	714	94.69	33	4.38	4	0.53	3	0.40	0	0.00	681	90.32	754
Lanier	211	97.24	3	1.38	3	1.38	0	0.00	0	0.00	208	95.85	217
Laurens	2188	98.25	38	1.71	1	0.04	0	0.00	0	0.00	2150	96.54	2227
Lee	252	97.67	6	2.33	0	0.00	0	0.00	0	0.00	246	95.35	258
Liberty	289	93.83	18	5.84	1	0.32	0	0.00	0	0.00	271	87.99	308
Lincoln	660	99.40	3	0.45	1	0.15	0	0.00	0	0.00	657	98.95	664
Long	430	95.77	14	3.12	5	1.11	0	0.00	0	0.00	416	92.65	449
Lowndes	1840	94.65	97	4.99	6	0.31	1	0.05	0	0.00	1743	89.66	1944
Lumpkin	924	91.94	81	8.06	0	0.00	0	0.00	0	0.00	843	83.88	1005
Macon	1438	96.06	55	3.67	4	0.27	0	0.00	0	0.00	1383	92.38	1497
Madison	2124	97.88	38	1.75	8	0.37	0	0.00	0	0.00	2086	96.13	2170
Marion	455	94.99	24	5.01	0	0.00	0	0.00	0	0.00	431	89.98	479
McDuffie	568	94.04	29	4.80	7	1.16	0	0.00	0	0.00	539	89.24	604
McIntosh	271	93.45	19	6.55	0	0.00	0	0.00	0	0.00	252	86.90	290
Meriwether	2604	97.82	53	1.99	4	0.15	1	0.04	0	0.00	2551	95.83	2662
Miller	392	98.99	0	0.00	0	0.00	4	1.01	0	0.00	388	97.98	396
Mitchell	2097	99.06	15	0.71	5	0.24	0	0.00	0	0.00	2082	98.35	2117
Monroe	1200	96.31	45	3.61	1	0.08	0	0.00	0	0.00	1155	92.70	1246
Montgomery	868	97.20	17	1.90	8	0.90	0	0.00	0	0.00	851	95.30	893
Morgan	923	91.75	74	7.36	8	0.80	1	0.10	0	0.00	849	84.39	1006
Murray	1874	83.92	350	15.67	9	0.40	0	0.00	0	0.00	1524	68.25	2233
Muscogee	3413	93.07	230	6.27	9	0.25	15	0.41	0	0.00	3183	86.80	3667
Newton	1672	96.82	45	2.61	7	0.41	3	0.17	0	0.00	1627	94.21	1727
Oconee	664	92.48	39	5.43	13	1.81	2	0.28	0	0.00	625	87.05	718
Oglethorpe	1240	97.03	34	2.66	2	0.16	0	0.00	2	0.16	1206	94.37	1278
Paulding	1914	85.98	276	12.40	31	1.39	5	0.22	0	0.00	1638	73.58	2226
Peach	595	90.70	56	8.54	3	0.46	2	0.30	0	0.00	539	82.16	656
Pickens	1472	66.46	743	33.54	0	0.00	0	0.00	0	0.00	729	32.91	2215
Pierce	1094	96.90	29	2.57	6	0.53	0	0.00	0	0.00	1065	94.33	1129
Pike	1021	95.96	33	3.10	10	0.94	0	0.00	0	0.00	988	92.86	1064
Polk	2170	91.14	211	8.86	0	0.00	0	0.00	0	0.00	1959	82.28	2381
Pulaski	973	98.58	14	1.42	0	0.00	0	0.00	0	0.00	959	97.16	987
Putnam	770	95.53	33	4.09	2	0.25	1	0.12	0	0.00	737	91.44	806
Quitman	239	98.35	0	0.00	4	1.65	0	0.00	0	0.00	235	96.71	243
Rabun	893	91.22	78	7.97	6	0.61	1	0.10	1	0.10	815	83.25	979
Randolph	1344	97.18	31	2.24	8	0.58	0	0.00	0	0.00	1313	94.94	1383
Richmond	4873	85.58	738	12.96	27	0.47	53	0.93	3	0.05	4135	72.62	5694
Rockdale	461	95.45	18	3.73	4	0.83	0	0.00	0	0.00	443	91.72	483
Schley	398	97.55	8	1.96	2	0.49	0	0.00	0	0.00	390	95.59	408
Screven	508	91.20	46	8.26	3	0.54	0	0.00	0	0.00	462	82.94	557
Seminole	776	96.28	20	2.48	8	0.99	2	0.25	0	0.00	756	93.80	806
Spalding	2185	97.07	54	2.40	8	0.36	4	0.18	0	0.00	2131	94.67	2251
Stephens	1026	97.53	18	1.71	6	0.57	2	0.19	0	0.00	1008	95.82	1052
Stewart	588	97.03	15	2.48	3	0.50	0	0.00	0	0.00	573	94.55	606
Sumter	1619	95.69	57	3.37	16	0.95	0	0.00	0	0.00	1562	92.32	1692
Talbot	912	95.00	45	4.69	3	0.31	0	0.00	0	0.00	867	90.31	960
Taliaferro	503	99.41	3	0.59	0	0.00	0	0.00	0	0.00	500	98.81	506
Tattnall	2133	98.02	37	1.70	6	0.28	0	0.00	0	0.00	2096	96.32	2176
Taylor	685	93.58	44	6.01	1	0.14	2	0.27	0	0.00	641	87.57	732
Telfair	746	93.60	45	5.65	5	0.63	1	0.13	0	0.00	701	87.95	797
Terrell	1000	97.37	24	2.34	3	0.29	0	0.00	0	0.00	976	95.03	1027
Thomas	2607	96.20	90	3.32	9	0.33	4	0.15	0	0.00	2517	92.88	2710
Tift	1394	95.09	65	4.43	5	0.34	2	0.14	0	0.00	1329	90.65	1466
Toombs	1868	96.49	54	2.79	8	0.41	6	0.31	0	0.00	1814	93.70	1936
Towns	742	48.43	790	51.57	0	0.00	0	0.00	0	0.00	-48	-3.13	1532
Treutlen	849	95.93	36	4.07	0	0.00	0	0.00	0	0.00	813	91.86	885
Troup	2371	96.62	81	3.30	2	0.08	0	0.00	0	0.00	2290	93.32	2454
Turner	909	93.04	59	6.04	6	0.61	3	0.31	0	0.00	850	87.00	977
Twiggs	646	97.29	15	2.26	2	0.30	1	0.15	0	0.00	631	95.03	664
Union	1344	62.40	810	37.60	0	0.00	0	0.00	0	0.00	534	24.79	2154
Upson	1660	98.57	20	1.19	3	0.18	1	0.06	0	0.00	1640	97.39	1684
Walker	2255	83.80	405	15.05	22	0.82	7	0.26	2	0.07	1850	68.75	2691
Walton	2136	98.34	36	1.66	0	0.00	0	0.00	0	0.00	2100	96.69	2172
Ware	2504	91.96	205	7.53	9	0.33	4	0.15	1	0.04	2299	84.43	2723
Warren	676	96.99	18	2.58	3	0.43	0	0.00	0	0.00	658	94.40	697
Washington	1923	99.33	9	0.46	3	0.15	1	0.05	0	0.00	1914	98.86	1936
Wayne	1044	93.97	60	5.40	3	0.27	3	0.27	1	0.09	984	88.57	1111
Webster	235	97.92	5	2.08	0	0.00	0	0.00	0	0.00	230	95.83	240
Wheeler	1127	97.41	29	2.51	1	0.09	0	0.00	0	0.00	1098	94.90	1157
White	936	94.45	53	5.35	2	0.20	0	0.00	0	0.00	883	89.10	991
Whitfield	2384	81.87	483	16.59	35	1.20	9	0.31	1	0.03	1901	65.28	2912
Wilcox	619	95.97	25	3.88	0	0.00	1	0.16	0	0.00	594	92.09	645
Wilkes	1172	95.75	42	3.43	9	0.74	1	0.08	0	0.00	1130	92.32	1224
Wilkinson	726	100.00	0	0.00	0	0.00	0	0.00	0	0.00	726	100.00	726
Worth	2269	98.23	38	1.65	3	0.13	0	0.00	0	0.00	2231	96.58	2310
Totals	234118	91.60	19863	7.77	1125	0.44	461	0.18	23	0.01	214255	83.83	255590
