Appling	2179	75.35	713	24.65	1466	50.69	2892
Atkinson	1560	88.94	194	11.06	1366	77.88	1754
Bacon	1512	73.58	543	26.42	969	47.15	2055
Baker	1005	86.64	155	13.36	850	73.28	1160
Baldwin	2318	69.38	1023	30.62	1295	38.76	3341
Banks	1255	86.02	204	13.98	1051	72.04	1459
Barrow	2367	90.93	236	9.07	2131	81.87	2603
Bartow	3973	77.06	1183	22.94	2790	54.11	5156
Ben_Hill	2048	74.61	697	25.39	1351	49.22	2745
Berrien	2187	85.73	364	14.27	1823	71.46	2551
Bibb	14687	70.58	6121	29.42	8566	41.17	20808
Bleckley	1517	89.03	187	10.97	1330	78.05	1704
Brantley	1082	79.68	276	20.32	806	59.35	1358
Brooks	1866	69.99	800	30.01	1066	39.98	2666
Bryan	971	74.58	331	25.42	640	49.16	1302
Bulloch	3619	79.92	909	20.08	2710	59.85	4528
Burke	1160	55.45	932	44.55	228	10.90	2092
Butts	1910	91.00	189	9.00	1721	81.99	2099
Calhoun	810	84.64	147	15.36	663	69.28	957
Camden	1285	67.49	619	32.51	666	34.98	1904
Candler	1448	77.43	422	22.57	1026	54.87	1870
Carroll	5207	81.35	1194	18.65	4013	62.69	6401
Catoosa	2227	61.90	1371	38.10	856	23.79	3598
Charlton	815	73.89	288	26.11	527	47.78	1103
Chatham	14370	48.06	15532	51.94	-1162	-3.89	29902
Chattahoochee	116	61.38	73	38.62	43	22.75	189
Chattooga	3616	82.43	771	17.57	2845	64.85	4387
Cherokee	2452	60.25	1618	39.75	834	20.49	4070
Clarke	4904	75.54	1588	24.46	3316	51.08	6492
Clay	481	73.21	176	26.79	305	46.42	657
Clayton	4058	76.74	1230	23.26	2828	53.48	5288
Clinch	1168	76.94	350	23.06	818	53.89	1518
Cobb	10182	70.98	4163	29.02	6019	41.96	14345
Coffee	3292	75.33	1078	24.67	2214	50.66	4370
Colquitt	4517	76.20	1411	23.80	3106	52.40	5928
Columbia	849	61.57	530	38.43	319	23.13	1379
Cook	2347	85.59	395	14.41	1952	71.19	2742
Coweta	3837	85.48	652	14.52	3185	70.95	4489
Crawford	948	86.73	145	13.27	803	73.47	1093
Crisp	2116	69.04	949	30.96	1167	38.08	3065
Dade	1296	65.39	686	34.61	610	30.78	1982
Dawson	770	62.10	470	37.90	300	24.19	1240
Decatur	2581	72.05	1001	27.95	1580	44.11	3582
De_Kalb	20865	57.24	15588	42.76	5277	14.48	36453
Dodge	3445	88.36	454	11.64	2991	76.71	3899
Dooly	1764	89.95	197	10.05	1567	79.91	1961
Dougherty	4435	63.63	2535	36.37	1900	27.26	6970
Douglas	2102	76.52	645	23.48	1457	53.04	2747
Early	1803	85.45	307	14.55	1496	70.90	2110
Echols	532	84.98	94	15.02	438	69.97	626
Effingham	800	49.11	829	50.89	-29	-1.78	1629
Elbert	3279	85.59	552	14.41	2727	71.18	3831
Emanuel	2642	79.99	661	20.01	1981	59.98	3303
Evans	1224	73.87	433	26.13	791	47.74	1657
Fannin	1913	39.71	2904	60.29	-991	-20.57	4817
Fayette	1214	86.16	195	13.84	1019	72.32	1409
Floyd	8477	65.16	4532	34.84	3945	30.33	13009
Forsyth	1391	72.18	536	27.82	855	44.37	1927
Franklin	2902	88.61	373	11.39	2529	77.22	3275
Fulton	52459	59.85	35197	40.15	17262	19.69	87656
Gilmer	1359	50.65	1324	49.35	35	1.30	2683
Glascock	381	62.05	233	37.95	148	24.10	614
Glynn	3348	56.53	2575	43.47	773	13.05	5923
Gordon	2203	71.46	880	28.54	1323	42.91	3083
Grady	2782	81.23	643	18.77	2139	62.45	3425
Greene	2323	85.40	397	14.60	1926	70.81	2720
Gwinnett	6026	85.58	1015	14.42	5011	71.17	7041
Habersham	2647	74.19	921	25.81	1726	48.37	3568
Hall	6121	76.84	1845	23.16	4276	53.68	7966
Hancock	1245	82.34	267	17.66	978	64.68	1512
Haralson	2283	64.36	1264	35.64	1019	28.73	3547
Harris	1374	71.64	544	28.36	830	43.27	1918
Hart	3244	94.08	204	5.92	3040	88.17	3448
Heard	1189	86.60	184	13.40	1005	73.20	1373
Henry	2589	82.40	553	17.60	2036	64.80	3142
Houston	2789	84.52	511	15.48	2278	69.03	3300
Irwin	1475	74.08	516	25.92	959	48.17	1991
Jackson	3341	89.09	409	10.91	2932	78.19	3750
Jasper	1105	82.90	228	17.10	877	65.79	1333
Jeff_Davis	1323	78.28	367	21.72	956	56.57	1690
Jefferson	1476	66.49	744	33.51	732	32.97	2220
Jenkins	1166	76.01	368	23.99	798	52.02	1534
Johnson	1808	84.01	344	15.99	1464	68.03	2152
Jones	1427	83.70	278	16.30	1149	67.39	1705
Lamar	1552	78.34	429	21.66	1123	56.69	1981
Lanier	845	83.25	170	16.75	675	66.50	1015
Laurens	5001	82.70	1046	17.30	3955	65.40	6047
Lee	390	65.55	205	34.45	185	31.09	595
Liberty	1448	73.69	517	26.31	931	47.38	1965
Lincoln	644	66.32	327	33.68	317	32.65	971
Long	691	62.20	420	37.80	271	24.39	1111
Lowndes	3245	60.95	2079	39.05	1166	21.90	5324
Lumpkin	997	72.93	370	27.07	627	45.87	1367
McDuffie	1172	55.68	933	44.32	239	11.35	2105
McIntosh	724	59.01	503	40.99	221	18.01	1227
Macon	1472	82.19	319	17.81	1153	64.38	1791
Madison	1899	89.41	225	10.59	1674	78.81	2124
Marion	651	78.15	182	21.85	469	56.30	833
Meriwether	3551	86.99	531	13.01	3020	73.98	4082
Miller	1617	87.88	223	12.12	1394	75.76	1840
Mitchell	3054	83.56	601	16.44	2453	67.11	3655
Monroe	2406	82.77	501	17.23	1905	65.53	2907
Montgomery	1758	85.84	290	14.16	1468	71.68	2048
Morgan	1649	86.97	247	13.03	1402	73.95	1896
Murray	1840	70.88	756	29.12	1084	41.76	2596
Muscogee	11220	58.95	7814	41.05	3406	17.89	19034
Newton	3529	89.12	431	10.88	3098	78.23	3960
Oconee	1182	77.81	337	22.19	845	55.63	1519
Oglethorpe	1461	87.54	208	12.46	1253	75.07	1669
Paulding	2152	73.20	788	26.80	1364	46.39	2940
Peach	1523	80.24	374	19.70	1149	60.54	1898
Pickens	1312	49.70	1328	50.30	-16	-0.61	2640
Pierce	1903	76.27	592	23.73	1311	52.55	2495
Pike	1248	81.36	286	18.64	962	62.71	1534
Polk	4447	77.39	1299	22.61	3148	54.79	5746
Pulaski	1572	90.50	165	9.50	1407	81.00	1737
Putnam	1251	83.34	250	16.66	1001	66.69	1501
Quitman	332	78.12	93	21.88	239	56.24	425
Rabun	1320	74.62	449	25.38	871	49.24	1769
Randolph	1419	73.68	507	26.32	912	47.35	1926
Richmond	8584	47.87	9347	52.13	-763	-4.26	17931
Rockdale	1665	83.84	321	16.16	1344	67.67	1986
Schley	436	74.66	148	25.34	288	49.32	584
Screven	1584	69.60	692	30.40	892	39.19	2276
Seminole	1126	86.48	176	13.52	950	72.96	1302
Spalding	5296	80.92	1249	19.08	4047	61.83	6545
Stephens	3539	84.26	661	15.74	2878	68.52	4200
Stewart	816	72.40	311	27.60	505	44.81	1127
Sumter	2455	69.68	1068	30.32	1387	39.37	3523
Talbot	678	79.48	175	20.52	503	58.97	853
Taliaferro	873	89.45	103	10.55	770	78.89	976
Tattnall	2433	68.59	1114	31.41	1319	37.19	3547
Taylor	1679	85.84	277	14.16	1402	71.68	1956
Telfair	2695	91.73	243	8.27	2452	83.46	2938
Terrell	1375	78.84	369	21.16	1006	57.68	1744
Thomas	3971	63.60	2273	36.40	1698	27.19	6244
Tift	2954	69.15	1318	30.85	1636	38.30	4272
Toombs	2641	78.51	723	21.49	1918	57.02	3364
Towns	1111	53.06	983	46.94	128	6.11	2094
Treutlen	1416	93.34	101	6.66	1315	86.68	1517
Troup	7130	79.07	1887	20.93	5243	58.15	9017
Turner	1357	77.15	402	22.85	955	54.29	1759
Twiggs	1080	84.97	191	15.03	889	69.94	1271
Union	1360	50.56	1330	49.44	30	1.12	2690
Upson	3837	85.55	648	14.45	3189	71.10	4485
Walker	4366	60.37	2866	39.63	1500	20.74	7232
Walton	3672	91.89	324	8.11	3348	83.78	3996
Ware	5627	69.94	2418	30.06	3209	39.89	8045
Warren	693	64.95	374	35.05	319	29.90	1067
Washington	2381	74.97	795	25.03	1586	49.94	3176
Wayne	1929	69.87	832	30.13	1097	39.73	2761
Webster	335	70.82	138	29.18	197	41.65	473
Wheeler	1280	83.06	261	16.94	1019	66.13	1541
White	1139	80.15	282	19.85	857	60.31	1421
Whitfield	4661	62.51	2795	37.49	1866	25.03	7456
Wilcox	1878	86.19	301	13.81	1577	72.37	2179
Wilkes	1500	83.99	286	16.01	1214	67.97	1786
Wilkinson	1629	81.17	378	18.83	1251	62.33	2007
Worth	1986	81.73	444	18.27	1542	63.46	2430
Totals	456823	69.66	198961	30.34	257862	39.32	655784
