Appling	2455	40.73	2514	41.71	1047	17.37	11	0.18	-59	-0.98	6027
Atkinson	1056	48.33	779	35.65	342	15.65	8	0.37	277	12.68	2185
Bacon	1423	42.67	1301	39.01	604	18.11	7	0.21	122	3.66	3335
Baker	864	58.86	391	26.63	210	14.31	3	0.20	473	32.22	1468
Baldwin	5813	49.31	4262	36.16	1679	14.24	34	0.29	1551	13.16	11788
Banks	1530	41.68	1551	42.25	583	15.88	7	0.19	-21	-0.57	3671
Barrow	3991	39.98	4328	43.36	1633	16.36	30	0.30	-337	-3.38	9982
Bartow	6675	39.29	7742	45.57	2500	14.71	73	0.43	-1067	-6.28	16990
Ben_Hill	2348	52.60	1476	33.06	619	13.87	21	0.47	872	19.53	4464
Berrien	2103	46.29	1637	36.03	796	17.52	7	0.15	466	10.26	4543
Bibb	28070	51.93	19847	36.72	6021	11.14	111	0.21	8223	15.21	54049
Bleckley	1710	43.23	1570	39.69	662	16.73	14	0.35	140	3.54	3956
Brantley	1883	44.06	1541	36.06	840	19.65	10	0.23	342	8.00	4274
Brooks	1895	43.92	1779	41.23	630	14.60	11	0.25	116	2.69	4315
Bryan	2031	34.26	2789	47.05	1095	18.47	13	0.22	-758	-12.79	5928
Bulloch	4903	38.78	5690	45.00	2020	15.98	31	0.25	-787	-6.22	12644
Burke	3647	53.17	2390	34.84	807	11.77	15	0.22	1257	18.33	6859
Butts	2448	50.46	1768	36.45	619	12.76	16	0.33	680	14.02	4851
Calhoun	1301	64.47	464	22.99	248	12.29	5	0.25	837	41.48	2018
Camden	2952	38.99	3517	46.45	1077	14.22	26	0.34	-565	-7.46	7572
Candler	1192	43.27	1014	36.81	541	19.64	8	0.29	178	6.46	2755
Carroll	8404	37.21	10750	47.60	3358	14.87	74	0.33	-2346	-10.39	22586
Catoosa	4817	32.70	7599	51.59	2290	15.55	25	0.17	-2782	-18.89	14731
Charlton	1127	38.97	1333	46.09	427	14.76	5	0.17	-206	-7.12	2892
Chatham	31533	43.75	31925	44.30	8269	11.47	342	0.47	-392	-0.54	72069
Chattahoochee	604	50.42	413	34.47	177	14.77	4	0.33	191	15.94	1198
Chattooga	2976	46.47	2439	38.09	965	15.07	24	0.37	537	8.39	6404
Cherokee	8113	27.77	16054	54.95	4950	16.94	97	0.33	-7941	-27.18	29214
Clarke	15403	53.12	10459	36.07	2987	10.30	149	0.51	4944	17.05	28998
Clay	778	65.00	264	22.06	155	12.95	0	0.00	514	42.94	1197
Clayton	25890	44.65	23965	41.33	7942	13.70	192	0.33	1925	3.32	57989
Clinch	759	41.32	790	43.00	286	15.57	2	0.11	-31	-1.69	1837
Cobb	63960	32.45	103734	52.62	28747	14.58	690	0.35	-39774	-20.18	197131
Coffee	3275	39.27	3778	45.31	1256	15.06	30	0.36	-503	-6.03	8339
Colquitt	3891	37.86	4680	45.54	1682	16.37	23	0.22	-789	-7.68	10276
Columbia	7115	25.23	16657	59.07	4379	15.53	49	0.17	-9542	-33.84	28200
Cook	1731	48.02	1318	36.56	537	14.90	19	0.53	413	11.46	3605
Coweta	7093	34.51	9814	47.75	3587	17.45	59	0.29	-2721	-13.24	20553
Crawford	1648	51.78	974	30.60	549	17.25	12	0.38	674	21.17	3183
Crisp	2610	45.72	2253	39.46	823	14.42	23	0.40	357	6.25	5709
Dade	1782	37.09	2191	45.61	823	17.13	8	0.17	-409	-8.51	4804
Dawson	1399	35.95	1696	43.58	790	20.30	7	0.18	-297	-7.63	3892
Decatur	3198	43.11	3142	42.35	1068	14.40	11	0.15	56	0.75	7419
DeKalb	124559	57.82	70282	32.62	19741	9.16	853	0.40	54277	25.19	215435
Dodge	3002	47.82	2287	36.43	978	15.58	11	0.18	715	11.39	6278
Dooly	1993	58.84	1034	30.53	350	10.33	10	0.30	959	28.31	3387
Dougherty	15236	49.26	12455	40.27	3178	10.27	62	0.20	2781	8.99	30931
Douglas	8869	33.27	13349	50.08	4362	16.36	77	0.29	-4480	-16.81	26657
Early	1970	47.55	1457	35.17	652	15.74	64	1.54	513	12.38	4143
Echols	312	34.25	361	39.63	238	26.13	0	0.00	-49	-5.38	911
Effingham	2690	33.78	3814	47.90	1443	18.12	16	0.20	-1124	-14.12	7963
Elbert	3025	49.05	2372	38.46	757	12.28	13	0.21	653	10.59	6167
Emanuel	2951	45.93	2662	41.43	755	11.75	57	0.89	289	4.50	6425
Evans	1230	41.55	1244	42.03	480	16.22	6	0.20	-14	-0.47	2960
Fannin	2902	40.33	3255	45.24	1028	14.29	10	0.14	-353	-4.91	7195
Fayette	8430	26.60	17576	55.47	5598	17.67	83	0.26	-9146	-28.86	31687
Floyd	11614	41.69	12378	44.43	3779	13.56	89	0.32	-764	-2.74	27860
Forsyth	4936	28.89	8652	50.64	3453	20.21	45	0.26	-3716	-21.75	17086
Franklin	2505	42.29	2391	40.37	1014	17.12	13	0.22	114	1.92	5923
Fulton	147459	57.29	85451	33.20	23578	9.16	921	0.36	62008	24.09	257409
Gilmer	2311	39.25	2661	45.19	879	14.93	37	0.63	-350	-5.94	5888
Glascock	316	31.19	516	50.94	180	17.77	1	0.10	-200	-19.74	1013
Glynn	8581	37.42	11242	49.02	3053	13.31	56	0.24	-2661	-11.60	22932
Gordon	4103	36.59	5265	46.95	1818	16.21	27	0.24	-1162	-10.36	11213
Grady	2520	41.77	2370	39.28	1126	18.66	17	0.28	150	2.49	6033
Greene	2259	55.67	1307	32.21	483	11.90	9	0.22	952	23.46	4058
Gwinnett	44253	29.39	81822	54.34	23926	15.89	575	0.38	-37569	-24.95	150576
Habersham	3098	33.92	4569	50.02	1444	15.81	23	0.25	-1471	-16.10	9134
Hall	11214	34.58	16108	49.67	5043	15.55	68	0.21	-4894	-15.09	32433
Hancock	2461	77.95	506	16.03	189	5.99	1	0.03	1955	61.93	3157
Haralson	3281	43.05	3142	41.23	1167	15.31	31	0.41	139	1.82	7621
Harris	2679	38.49	3316	47.64	954	13.71	11	0.16	-637	-9.15	6960
Hart	3614	47.50	2607	34.26	1376	18.08	12	0.16	1007	13.23	7609
Heard	1456	44.49	1190	36.36	617	18.85	10	0.31	266	8.13	3273
Henry	7817	32.19	12634	52.03	3769	15.52	64	0.26	-4817	-19.84	24284
Houston	12270	37.47	14119	43.11	6263	19.12	96	0.29	-1849	-5.65	32748
Irwin	1366	48.44	973	34.50	465	16.49	16	0.57	393	13.94	2820
Jackson	3792	41.37	3976	43.38	1381	15.07	16	0.17	-184	-2.01	9165
Jasper	1485	49.12	1153	38.14	373	12.34	12	0.40	332	10.98	3023
Jeff_Davis	2031	41.01	1947	39.32	958	19.35	16	0.32	84	1.70	4952
Jefferson	3220	53.77	2077	34.68	685	11.44	7	0.12	1143	19.08	5989
Jenkins	1401	51.36	929	34.05	394	14.44	4	0.15	472	17.30	2728
Johnson	1473	44.70	1314	39.88	502	15.24	6	0.18	159	4.83	3295
Jones	3338	45.86	2770	38.05	1159	15.92	12	0.16	568	7.80	7279
Lamar	2065	46.83	1707	38.71	600	13.61	38	0.86	358	8.12	4410
Lanier	811	47.34	600	35.03	298	17.40	4	0.23	211	12.32	1713
Laurens	6184	43.99	6146	43.72	1602	11.39	127	0.90	38	0.27	14059
Lee	1811	30.65	3061	51.81	1024	17.33	12	0.20	-1250	-21.16	5908
Liberty	3853	48.80	2832	35.87	1176	14.90	34	0.43	1021	12.93	7895
Lincoln	1327	44.86	1149	38.84	479	16.19	3	0.10	178	6.02	2958
Long	874	44.66	719	36.74	355	18.14	9	0.46	155	7.92	1957
Lowndes	9019	40.64	10276	46.30	2864	12.91	33	0.15	-1257	-5.66	22192
Lumpkin	2010	39.91	1972	39.16	1035	20.55	19	0.38	38	0.75	5036
McDuffie	2640	40.82	2955	45.69	860	13.30	13	0.20	-315	-4.87	6468
McIntosh	1925	54.73	1027	29.20	550	15.64	15	0.43	898	25.53	3517
Macon	2491	65.45	944	24.80	363	9.54	8	0.21	1547	40.65	3806
Madison	2393	34.72	3351	48.61	1129	16.38	20	0.29	-958	-13.90	6893
Marion	1145	55.69	711	34.58	198	9.63	2	0.10	434	21.11	2056
Meriwether	4002	54.67	2364	32.30	942	12.87	12	0.16	1638	22.38	7320
Miller	934	42.13	826	37.26	455	20.52	2	0.09	108	4.87	2217
Mitchell	3052	52.67	1917	33.08	818	14.12	8	0.14	1135	19.59	5795
Monroe	2774	44.97	2423	39.28	949	15.39	22	0.36	351	5.69	6168
Montgomery	1185	45.28	1009	38.56	416	15.90	7	0.27	176	6.73	2617
Morgan	2057	46.17	1797	40.34	596	13.38	5	0.11	260	5.84	4455
Murray	2764	38.31	3256	45.13	1186	16.44	8	0.11	-492	-6.82	7214
Muscogee	25476	49.68	21386	41.70	4327	8.44	91	0.18	4090	7.98	51280
Newton	5811	42.54	5804	42.49	1998	14.63	46	0.34	7	0.05	13659
Oconee	2745	33.99	4125	51.08	1182	14.64	24	0.30	-1380	-17.09	8076
Oglethorpe	1491	40.26	1590	42.94	620	16.74	2	0.05	-99	-2.67	3703
Paulding	5212	34.54	7180	47.59	2654	17.59	42	0.28	-1968	-13.04	15088
Peach	3677	52.73	2327	33.37	947	13.58	22	0.32	1350	19.36	6973
Pickens	2359	41.04	2332	40.57	1037	18.04	20	0.35	27	0.47	5748
Pierce	1852	41.41	1899	42.46	708	15.83	13	0.29	-47	-1.05	4472
Pike	1651	40.23	1822	44.40	623	15.18	8	0.19	-171	-4.17	4104
Polk	4872	45.67	4158	38.98	1598	14.98	40	0.37	714	6.69	10668
Pulaski	1756	50.88	1075	31.15	614	17.79	6	0.17	681	19.73	3451
Putnam	2149	45.78	1756	37.41	775	16.51	14	0.30	393	8.37	4694
Quitman	523	56.72	284	30.80	113	12.26	2	0.22	239	25.92	922
Rabun	1878	40.63	1902	41.15	825	17.85	17	0.37	-24	-0.52	4622
Randolph	1756	59.34	887	29.98	315	10.65	1	0.03	869	29.37	2959
Richmond	28910	48.57	24227	40.70	6290	10.57	96	0.16	4683	7.87	59523
Rockdale	7003	30.86	11945	52.64	3664	16.15	78	0.34	-4942	-21.78	22690
Schley	601	46.37	511	39.43	180	13.89	4	0.31	90	6.94	1296
Screven	1940	44.43	1705	39.05	709	16.24	12	0.27	235	5.38	4366
Seminole	1193	47.36	850	33.74	468	18.58	8	0.32	343	13.62	2519
Spalding	6392	40.63	7262	46.15	2044	12.99	36	0.23	-870	-5.53	15734
Stephens	2976	35.04	4047	47.65	1448	17.05	22	0.26	-1071	-12.61	8493
Stewart	1540	52.94	1186	40.77	175	6.02	8	0.28	354	12.17	2909
Sumter	4489	48.96	3616	39.44	1046	11.41	17	0.19	873	9.52	9168
Talbot	1768	65.92	671	25.02	238	8.87	5	0.19	1097	40.90	2682
Taliaferro	755	68.26	269	24.32	80	7.23	2	0.18	486	43.94	1106
Tattnall	2360	39.72	2566	43.18	996	16.76	20	0.34	-206	-3.47	5942
Taylor	1508	52.51	1078	37.53	281	9.78	5	0.17	430	14.97	2872
Telfair	2238	53.39	1324	31.58	613	14.62	17	0.41	914	21.80	4192
Terrell	1942	55.90	1143	32.90	384	11.05	5	0.14	799	23.00	3474
Thomas	4841	40.52	5500	46.03	1591	13.32	16	0.13	-659	-5.52	11948
Tift	3930	41.07	4485	46.87	1139	11.90	15	0.16	-555	-5.80	9569
Toombs	2648	35.35	3609	48.18	1210	16.15	23	0.31	-961	-12.83	7490
Towns	1487	40.15	1674	45.19	537	14.50	6	0.16	-187	-5.05	3704
Treutlen	1116	47.61	898	38.31	318	13.57	12	0.51	218	9.30	2344
Troup	6412	37.63	8118	47.64	2488	14.60	21	0.12	-1706	-10.01	17039
Turner	1669	55.19	936	30.95	370	12.24	49	1.62	733	24.24	3024
Twiggs	2097	61.82	853	25.15	432	12.74	10	0.29	1244	36.67	3392
Union	2304	40.74	2533	44.78	804	14.21	15	0.27	-229	-4.05	5656
Upson	3740	41.55	4053	45.03	1186	13.18	22	0.24	-313	-3.48	9001
Walker	6217	35.55	8489	48.54	2748	15.71	34	0.19	-2272	-12.99	17488
Walton	4821	38.91	5619	45.35	1923	15.52	28	0.23	-798	-6.44	12391
Ware	4573	43.87	4573	43.87	1263	12.12	15	0.14	0	0.00	10424
Warren	1239	56.97	751	34.53	180	8.28	5	0.23	488	22.44	2175
Washington	3508	52.16	2384	35.45	820	12.19	13	0.19	1124	16.71	6725
Wayne	3052	40.41	3381	44.77	1107	14.66	12	0.16	-329	-4.36	7552
Webster	600	65.86	208	22.83	103	11.31	0	0.00	392	43.03	911
Wheeler	880	51.80	601	35.37	214	12.60	4	0.24	279	16.42	1699
White	1756	33.58	2477	47.37	981	18.76	15	0.29	-721	-13.79	5229
Whitfield	7335	32.98	12003	53.97	2866	12.89	35	0.16	-4668	-20.99	22239
Wilcox	1365	50.13	916	33.64	433	15.90	9	0.33	449	16.49	2723
Wilkes	1955	49.34	1535	38.74	464	11.71	8	0.20	420	10.60	3962
Wilkinson	2286	56.14	1232	30.26	520	12.77	34	0.83	1054	25.88	4072
Worth	2578	44.17	2344	40.16	905	15.50	10	0.17	234	4.01	5837
Totals	1008966	43.47	995252	42.88	309657	13.34	7258	0.31	13714	0.59	2321133
