Appling	34.32	2093	64.60	3940	1.08	66	6099
Atkinson	39.64	821	59.30	1228	1.06	22	2071
Bacon	31.92	956	67.11	2010	0.97	29	2995
Baker	58.79	893	40.49	615	0.72	11	1519
Baldwin	48.60	5893	49.82	6041	1.58	192	12126
Banks	26.91	1220	70.64	3202	2.45	111	4533
Barrow	30.22	3657	65.49	7925	4.30	520	12102
Bartow	32.96	7508	64.62	14720	2.43	553	22781
Ben_Hill	47.93	2234	51.08	2381	0.99	46	4661
Berrien	37.19	1640	61.63	2718	1.18	52	4410
Bibb	50.22	24996	48.36	24071	1.42	709	49776
Bleckley	33.96	1273	64.98	2436	1.07	40	3749
Brantley	30.05	1372	68.29	3118	1.66	76	4566
Brooks	46.06	2096	52.87	2406	1.08	49	4551
Bryan	30.77	2172	68.49	4835	0.74	52	7059
Bulloch	37.62	5561	60.82	8990	1.56	231	14782
Burke	52.14	3720	47.39	3381	0.48	34	7135
Butts	40.48	2281	56.75	3198	2.77	156	5635
Calhoun	58.66	1107	40.70	768	0.64	12	1887
Camden	35.93	3636	62.96	6371	1.11	112	10119
Candler	38.68	1053	60.36	1643	0.96	26	2722
Carroll	34.00	8752	63.42	16326	2.58	663	25741
Catoosa	30.87	5470	67.90	12033	1.23	218	17721
Charlton	36.04	1015	62.86	1770	1.10	31	2816
Chatham	49.15	37590	49.49	37847	1.36	1038	76475
Chattahoochee	49.71	600	48.88	590	1.41	17	1207
Chattooga	42.13	2729	56.20	3640	1.67	108	6477
Cherokee	23.49	12295	72.65	38033	3.86	2020	52348
Clarke	52.47	15167	41.00	11850	6.53	1887	28904
Clay	64.29	821	35.08	448	0.63	8	1277
Clayton	65.21	40042	32.52	19966	2.27	1394	61402
Clinch	42.30	816	56.56	1091	1.14	22	1929
Cobb	36.88	86676	59.78	140494	3.34	7857	235027
Coffee	38.10	3593	61.04	5756	0.86	81	9430
Colquitt	33.06	3297	66.08	6589	0.86	86	9972
Columbia	24.91	8969	74.04	26660	1.05	379	36008
Cook	41.56	1639	57.78	2279	0.66	26	3944
Coweta	29.00	9056	68.30	21327	2.70	843	31226
Crawford	42.42	1513	55.71	1987	1.88	67	3567
Crisp	40.44	2268	58.57	3285	1.00	56	5609
Dade	32.24	1628	66.01	3333	1.74	88	5049
Dawson	24.72	1458	71.38	4210	3.90	230	5898
Decatur	44.43	3398	54.75	4187	0.82	63	7648
DeKalb	70.24	154509	26.73	58807	3.03	6664	219980
Dodge	39.58	2326	59.08	3472	1.34	79	5877
Dooly	54.01	1901	45.11	1588	0.88	31	3520
Dougherty	57.29	16650	42.14	12248	0.57	166	29064
Douglas	36.05	11162	61.02	18893	2.94	909	30964
Early	45.24	1622	54.06	1938	0.70	25	3585
Echols	30.29	272	68.37	614	1.34	12	898
Effingham	30.35	3232	68.79	7326	0.86	92	10650
Elbert	43.17	2527	55.73	3262	1.09	64	5853
Emanuel	45.27	2835	53.38	3343	1.36	85	6263
Evans	39.51	1217	59.77	1841	0.71	22	3080
Fannin	32.61	2736	65.11	5463	2.28	191	8390
Fayette	28.06	11912	69.11	29338	2.82	1199	42449
Floyd	38.33	10282	60.37	16194	1.30	349	26825
Forsyth	18.72	6694	77.66	27769	3.61	1292	35755
Franklin	35.40	2040	63.50	3659	1.09	63	5762
Fulton	57.76	152039	39.84	104870	2.39	6303	263212
Gilmer	30.26	2230	67.04	4941	2.70	199	7370
Glascock	24.41	249	74.80	763	0.78	8	1020
Glynn	34.75	7778	64.09	14346	1.16	260	22384
Gordon	33.04	4032	65.09	7944	1.88	229	12205
Grady	40.60	2721	58.10	3894	1.30	87	6702
Greene	41.12	2137	57.34	2980	1.54	80	5197
Gwinnett	32.15	61434	63.71	121756	4.14	7921	191111
Habersham	26.11	2530	71.86	6964	2.03	197	9691
Hall	26.89	10259	70.36	26841	2.75	1050	38150
Hancock	78.22	2414	21.45	662	0.32	10	3086
Haralson	35.13	2869	63.10	5153	1.78	145	8167
Harris	34.01	2912	64.87	5554	1.12	96	8562
Hart	42.36	3192	56.29	4242	1.35	102	7536
Heard	36.84	1178	60.88	1947	2.28	73	3198
Henry	30.80	11971	66.42	25815	2.78	1081	38867
Houston	35.96	13301	62.65	23174	1.39	513	36988
Irwin	44.57	1405	54.57	1720	0.86	27	3152
Jackson	29.39	3420	67.71	7878	2.90	337	11635
Jasper	39.51	1558	58.28	2298	2.21	87	3943
Jeff_Davis	32.67	1379	66.26	2797	1.07	45	4221
Jefferson	53.41	2973	45.98	2559	0.61	34	5566
Jenkins	48.21	1250	50.79	1317	1.00	26	2593
Johnson	36.94	1065	62.33	1797	0.73	21	2883
Jones	38.45	3102	60.11	4850	1.44	116	8068
Lamar	41.95	2194	55.68	2912	2.37	124	5230
Lanier	43.70	832	55.04	1048	1.26	24	1904
Laurens	40.78	5724	57.94	8133	1.28	179	14036
Lee	24.56	1936	74.48	5872	0.96	76	7884
Liberty	53.62	5347	44.68	4455	1.70	170	9972
Lincoln	41.09	1275	58.23	1807	0.68	21	3103
Long	42.13	975	57.04	1320	0.82	19	2314
Lowndes	41.74	10616	56.87	14462	1.39	354	25432
Lumpkin	31.42	2121	65.59	4427	2.99	202	6750
Macon	63.31	2757	35.96	1566	0.73	32	4355
Madison	28.59	2285	69.17	5529	2.24	179	7993
Marion	44.96	982	54.35	1187	0.69	15	2184
McDuffie	39.39	2580	59.94	3926	0.67	44	6550
McIntosh	53.35	2047	46.03	1766	0.63	24	3837
Meriwether	51.29	3441	47.13	3162	1.58	106	6709
Miller	36.42	783	62.74	1349	0.84	18	2150
Mitchell	51.23	2971	48.11	2790	0.66	38	5799
Monroe	37.65	2839	60.48	4561	1.87	141	7541
Montgomery	40.37	1013	58.39	1465	1.24	31	2509
Morgan	37.92	2238	59.71	3524	2.37	140	5902
Murray	32.06	2684	66.16	5539	1.78	149	8372
Muscogee	54.05	28193	45.01	23479	0.94	491	52163
Newton	36.48	6703	60.56	11127	2.97	545	18375
Oconee	28.51	3184	68.15	7611	3.34	373	11168
Oglethorpe	34.64	1519	61.71	2706	3.65	160	4385
Paulding	27.79	6743	69.58	16881	2.62	636	24260
Peach	49.60	3540	49.39	3525	1.01	72	7137
Pickens	30.35	2489	66.92	5488	2.73	224	8201
Pierce	27.77	1300	71.52	3348	0.70	33	4681
Pike	28.93	1413	68.74	3358	2.33	114	4885
Polk	40.65	4112	57.74	5841	1.61	163	10116
Pulaski	41.54	1390	57.44	1922	1.02	34	3346
Putnam	41.47	2612	57.09	3596	1.44	91	6299
Quitman	59.96	542	38.50	348	1.55	14	904
Rabun	33.25	1776	64.61	3451	2.13	114	5341
Randolph	53.76	1381	45.70	1174	0.54	14	2569
Richmond	54.60	31413	44.29	25485	1.11	640	57538
Rockdale	33.65	8295	62.64	15440	3.71	914	24649
Schley	39.12	460	60.03	706	0.85	10	1176
Screven	47.32	2233	52.15	2461	0.53	25	4719
Seminole	45.64	1313	53.42	1537	0.94	27	2877
Spalding	37.89	5831	60.24	9271	1.88	289	15391
Stephens	34.25	2869	64.11	5370	1.64	137	8376
Stewart	64.84	1267	34.54	675	0.61	12	1954
Sumter	48.96	4748	49.98	4847	1.05	102	9697
Talbot	65.67	1662	33.35	844	0.99	25	2531
Taliaferro	66.83	556	32.57	271	0.60	5	832
Tattnall	34.99	1963	64.12	3597	0.89	50	5610
Taylor	48.20	1340	50.79	1412	1.01	28	2780
Telfair	50.87	1777	48.47	1693	0.66	23	3493
Terrell	50.88	1584	48.31	1504	0.80	25	3113
Thomas	40.32	4862	58.82	7093	0.85	103	12058
Tift	34.34	3547	64.66	6678	1.00	103	10328
Toombs	36.66	2643	62.23	4487	1.11	80	7210
Towns	33.29	1495	64.62	2902	2.09	94	4491
Treutlen	44.78	879	54.10	1062	1.12	22	1963
Troup	35.83	6379	62.90	11198	1.27	227	17804
Turner	47.60	1169	51.22	1258	1.18	29	2456
Twiggs	54.69	1977	43.43	1570	1.88	68	3615
Union	32.06	2230	65.66	4567	2.29	159	6956
Upson	38.13	3158	60.60	5019	1.27	105	8282
Walker	33.56	6341	65.23	12326	1.21	228	18895
Walton	28.74	5484	67.95	12966	3.32	633	19083
Ware	36.14	3480	63.35	6099	0.51	49	9628
Warren	55.76	1196	43.50	933	0.75	16	2145
Washington	51.95	3476	47.26	3162	0.79	53	6691
Wayne	34.18	2736	65.20	5219	0.61	49	8004
Webster	59.52	541	39.49	359	0.99	9	909
Wheeler	47.75	752	51.62	813	0.63	10	1575
White	28.60	2014	68.96	4857	2.44	172	7043
Whitfield	30.19	7034	68.03	15852	1.79	416	23302
Wilcox	40.68	962	58.39	1381	0.93	22	2365
Wilkes	48.19	1940	50.77	2044	1.04	42	4026
Wilkinson	50.37	1884	48.13	1800	1.50	56	3740
Worth	36.53	2214	62.56	3792	0.91	55	6061
