Appling	212	82.49	44	17.12	1	0.39	168	65.37	257
Atkinson	394	90.37	25	5.73	17	3.90	369	84.63	436
Bacon	961	91.09	79	7.49	15	1.42	882	83.60	1055
Baker	245	89.74	21	7.69	7	2.56	224	82.05	273
Baldwin	826	83.94	107	10.87	51	5.18	719	73.07	984
Banks	291	74.05	86	21.88	16	4.07	205	52.16	393
Barrow	501	65.75	88	11.55	173	22.70	328	43.04	762
Bartow	846	60.73	482	34.60	65	4.67	364	26.13	1393
Ben_Hill	507	59.86	150	17.71	190	22.43	317	37.43	847
Berrien	409	94.68	13	3.01	10	2.31	396	91.67	432
Bibb	3647	83.17	455	10.38	283	6.45	3192	72.79	4385
Bleckley	367	90.62	21	5.19	17	4.20	346	85.43	405
Brantley	238	85.30	9	3.23	32	11.47	206	73.84	279
Brooks	1179	89.25	128	9.69	14	1.06	1051	79.56	1321
Bryan	196	94.23	9	4.33	3	1.44	187	89.90	208
Bulloch	989	94.01	37	3.52	26	2.47	952	90.49	1052
Burke	449	82.99	76	14.05	16	2.96	373	68.95	541
Butts	493	84.85	50	8.61	38	6.54	443	76.25	581
Calhoun	343	83.25	66	16.02	3	0.73	277	67.23	412
Camden	172	98.29	1	0.57	2	1.14	170	97.14	175
Campbell	477	93.90	18	3.54	13	2.56	459	90.35	508
Candler	241	89.59	14	5.20	14	5.20	227	84.39	269
Carroll	1784	70.29	526	20.72	228	8.98	1258	49.57	2538
Catoosa	661	70.92	242	25.97	29	3.11	419	44.96	932
Charlton	151	84.83	20	11.24	7	3.93	131	73.60	178
Chatham	6158	69.86	1800	20.42	857	9.72	4358	49.44	8815
Chattahoochee	208	91.63	14	6.17	5	2.20	194	85.46	227
Chattooga	1615	78.36	412	19.99	34	1.65	1203	58.37	2061
Cherokee	848	56.42	601	39.99	54	3.59	247	16.43	1503
Clarke	1530	82.26	267	14.35	63	3.39	1263	67.90	1860
Clay	246	74.32	51	15.41	34	10.27	195	58.91	331
Clayton	273	69.29	46	11.68	75	19.04	198	50.25	394
Clinch	235	88.68	13	4.91	17	6.42	218	82.26	265
Cobb	1360	71.20	362	18.95	188	9.84	998	52.25	1910
Coffee	510	78.46	62	9.54	78	12.00	432	66.46	650
Colquitt	1572	81.79	205	10.67	145	7.54	1367	71.12	1922
Columbia	213	71.00	47	15.67	40	13.33	166	55.33	300
Cook	502	86.40	44	7.57	35	6.02	458	78.83	581
Coweta	1010	90.42	67	6.00	40	3.58	943	84.42	1117
Crawford	352	94.12	7	1.87	15	4.01	337	90.11	374
Crisp	439	92.23	21	4.41	16	3.36	418	87.82	476
Dade	563	75.98	119	16.06	59	7.96	444	59.92	741
Dawson	279	51.10	264	48.35	3	0.55	15	2.75	546
Decatur	637	69.09	151	16.38	134	14.53	486	52.71	922
DeKalb	2277	70.26	590	18.20	374	11.54	1687	52.05	3241
Dodge	1654	94.30	91	5.19	9	0.51	1563	89.11	1754
Dooly	590	92.62	45	7.06	2	0.31	545	85.56	637
Dougherty	1065	81.05	167	12.71	82	6.24	898	68.34	1314
Douglas	355	61.74	86	14.96	134	23.30	221	38.43	575
Early	351	80.69	22	5.06	62	14.25	289	66.44	435
Echols	482	97.37	11	2.22	2	0.40	471	95.15	495
Effingham	337	83.00	39	9.61	30	7.39	298	73.40	406
Elbert	1024	79.56	72	5.59	191	14.84	833	64.72	1287
Emanuel	710	91.73	39	5.04	25	3.23	671	86.69	774
Evans	790	95.41	21	2.54	17	2.05	769	92.87	828
Fannin	1079	39.49	1650	60.40	3	0.11	-571	-20.90	2732
Fayette	257	79.57	24	7.43	42	13.00	215	66.56	323
Floyd	1922	73.81	470	18.05	212	8.14	1452	55.76	2604
Forsyth	715	69.42	298	28.93	17	1.65	417	40.49	1030
Franklin	618	73.31	109	12.93	116	13.76	502	59.55	843
Fulton	7830	61.96	3229	25.55	1579	12.49	4601	36.41	12638
Gilmer	776	45.97	912	54.03	0	0.00	-136	-8.06	1688
Glascock	111	54.15	26	12.68	68	33.17	43	20.98	205
Glynn	612	63.09	283	29.18	75	7.73	329	33.92	970
Gordon	875	65.30	397	29.63	68	5.07	478	35.67	1340
Grady	1449	92.06	100	6.35	25	1.59	1349	85.71	1574
Greene	558	71.45	77	9.86	146	18.69	412	52.75	781
Gwinnett	1011	75.79	207	15.52	116	8.70	804	60.27	1334
Habersham	808	67.79	322	27.01	62	5.20	486	40.77	1192
Hall	1398	75.04	290	15.57	175	9.39	1108	59.47	1863
Hancock	272	88.31	22	7.14	14	4.55	250	81.17	308
Haralson	447	36.19	667	54.01	121	9.80	-220	-17.81	1235
Harris	457	88.39	20	3.87	40	7.74	417	80.66	517
Hart	857	76.72	65	5.82	195	17.46	662	59.27	1117
Heard	327	88.62	35	9.49	7	1.90	292	79.13	369
Henry	594	83.19	53	7.42	67	9.38	527	73.81	714
Houston	1611	94.27	75	4.39	23	1.35	1536	89.88	1709
Irwin	268	82.72	35	10.80	21	6.48	233	71.91	324
Jackson	993	81.80	142	11.70	79	6.51	851	70.10	1214
Jasper	448	85.33	68	12.95	9	1.71	380	72.38	525
Jeff_Davis	122	73.05	39	23.35	6	3.59	83	49.70	167
Jefferson	502	73.61	103	15.10	77	11.29	399	58.50	682
Jenkins	200	83.33	16	6.67	24	10.00	176	73.33	240
Johnson	1058	77.34	194	14.18	116	8.48	864	63.16	1368
Jones	414	93.45	26	5.87	3	0.68	388	87.58	443
Lamar	594	89.46	38	5.72	32	4.82	556	83.73	664
Lanier	356	88.34	46	11.41	1	0.25	310	76.92	403
Laurens	1127	86.76	121	9.31	51	3.93	1006	77.44	1299
Lee	211	86.12	23	9.39	11	4.49	188	76.73	245
Liberty	334	80.29	39	9.38	43	10.34	291	69.95	416
Lincoln	847	67.01	121	9.57	296	23.42	551	43.59	1264
Long	499	88.48	19	3.37	46	8.16	453	80.32	564
Lowndes	1095	90.42	57	4.71	59	4.87	1036	85.55	1211
Lumpkin	357	74.69	111	23.22	10	2.09	246	51.46	478
Macon	649	86.53	52	6.93	49	6.53	597	79.60	750
Madison	504	73.47	121	17.64	61	8.89	383	55.83	686
Marion	272	84.74	31	9.66	18	5.61	241	75.08	321
McDuffie	267	47.68	37	6.61	256	45.71	11	1.96	560
McIntosh	127	73.41	44	25.43	2	1.16	83	47.98	173
Meriwether	886	66.57	103	7.74	342	25.69	544	40.87	1331
Miller	126	68.85	45	24.59	12	6.56	81	44.26	183
Milton	224	68.29	53	16.16	51	15.55	171	52.13	328
Mitchell	736	87.83	51	6.09	51	6.09	685	81.74	838
Monroe	672	87.61	64	8.34	31	4.04	608	79.27	767
Montgomery	353	77.92	87	19.21	13	2.87	266	58.72	453
Morgan	598	77.86	126	16.41	44	5.73	472	61.46	768
Murray	818	53.43	648	42.33	65	4.25	170	11.10	1531
Muscogee	2067	85.59	218	9.03	130	5.38	1849	76.56	2415
Newton	716	75.37	139	14.63	95	10.00	577	60.74	950
Oconee	279	72.09	46	11.89	62	16.02	217	56.07	387
Oglethorpe	1748	88.96	129	6.56	88	4.48	1619	82.39	1965
Paulding	419	45.40	378	40.95	126	13.65	41	4.44	923
Pickens	754	39.54	1149	60.25	4	0.21	-395	-20.71	1907
Pierce	397	79.24	83	16.57	21	4.19	314	62.67	501
Pike	895	88.79	41	4.07	72	7.14	823	81.65	1008
Polk	803	55.73	481	33.38	157	10.90	322	22.35	1441
Pulaski	442	89.84	29	5.89	21	4.27	413	83.94	492
Putnam	457	97.65	7	1.50	4	0.85	450	96.15	468
Quitman	138	92.00	8	5.33	4	2.67	130	86.67	150
Rabun	454	76.56	117	19.73	22	3.71	337	56.83	593
Randolph	518	78.96	88	13.41	50	7.62	430	65.55	656
Richmond	2169	56.43	1296	33.71	379	9.86	873	22.71	3844
Rockdale	382	88.02	24	5.53	28	6.45	354	81.57	434
Schley	266	94.66	12	4.27	3	1.07	254	90.39	281
Screven	821	71.70	288	25.15	36	3.14	533	46.55	1145
Seminole	201	82.04	24	9.80	20	8.16	177	72.24	245
Spalding	1257	88.52	75	5.28	88	6.20	1169	82.32	1420
Stephens	523	87.31	40	6.68	36	6.01	483	80.63	599
Stewart	408	87.74	24	5.16	33	7.10	375	80.65	465
Sumter	1225	83.79	124	8.48	113	7.73	1101	75.31	1462
Talbot	491	93.35	33	6.27	2	0.38	458	87.07	526
Taliaferro	228	77.82	4	1.37	61	20.82	167	57.00	293
Tattnall	1100	83.65	66	5.02	149	11.33	951	72.32	1315
Taylor	370	76.13	96	19.75	20	4.12	274	56.38	486
Telfair	1382	78.66	264	15.03	111	6.32	1118	63.63	1757
Terrell	630	90.52	45	6.47	21	3.02	585	84.05	696
Thomas	1280	87.49	115	7.86	68	4.65	1165	79.63	1463
Tift	522	87.73	33	5.55	40	6.72	482	81.01	595
Toombs	314	83.07	32	8.47	32	8.47	282	74.60	378
Towns	604	44.02	765	55.76	3	0.22	-161	-11.73	1372
Treutlen	222	88.10	27	10.71	3	1.19	195	77.38	252
Troup	1422	84.44	165	9.80	97	5.76	1257	74.64	1684
Turner	338	63.06	166	30.97	32	5.97	172	32.09	536
Twiggs	417	85.80	39	8.02	30	6.17	378	77.78	486
Union	793	50.61	719	45.88	55	3.51	74	4.72	1567
Upson	484	83.30	37	6.37	60	10.33	424	72.98	581
Walker	1740	65.12	878	32.86	54	2.02	862	32.26	2672
Walton	873	85.17	90	8.78	62	6.05	783	76.39	1025
Ware	1497	75.00	216	10.82	283	14.18	1214	60.82	1996
Warren	253	65.37	36	9.30	98	25.32	155	40.05	387
Washington	758	78.55	130	13.47	77	7.98	628	65.08	965
Wayne	409	81.31	33	6.56	61	12.13	348	69.18	503
Webster	140	87.50	10	6.25	10	6.25	130	81.25	160
Wheeler	772	88.84	0	0.00	97	11.16	675	77.68	869
White	476	73.23	158	24.31	16	2.46	318	48.92	650
Whitfield	1236	61.92	668	33.47	92	4.61	568	28.46	1996
Wilcox	431	87.96	21	4.29	38	7.76	393	80.20	490
Wilkes	836	77.77	44	4.09	195	18.14	641	59.63	1075
Wilkinson	284	80.45	56	15.86	13	3.68	228	64.59	353
Worth	616	84.27	40	5.47	75	10.26	541	74.01	731
Totals	123200	73.96	30300	18.19	12691	7.62	92900	55.77	166577
