County GOP_PCT GOP_NUM DEM_PCT DEM_NUM LIB_PCT LIB_NUM REF_PCT REF_NUM Margin_PCT Margin_NUM 
Yadkin	76.27	10435	22.85	3127	0.39	53	0.49	67	53.42	7308
Mitchell	75.52	4984	23.26	1535	0.39	26	0.83	55	52.26	3449
Avery	74.04	4956	25.19	1686	0.36	24	0.42	28	48.85	3270
Davie	72.75	10184	26.08	3651	0.48	67	0.69	96	46.67	6533
Randolph	72.51	30959	26.62	11366	0.35	149	0.52	222	45.89	19593
Stokes	70.00	12028	29.27	5030	0.33	56	0.40	68	40.73	6998
Wilkes	69.18	16826	29.71	7226	0.32	79	0.49	120	39.47	9600
Graham	68.55	2304	29.93	1006	0.62	21	0.77	26	38.62	1298
Alexander	68.50	9242	30.88	4166	0.27	36	0.32	43	37.62	5076
Stanly	68.14	15548	30.97	7066	0.30	69	0.59	135	37.17	8482
Davidson	67.99	35387	31.12	16199	0.33	173	0.55	288	36.87	19188
Union	67.41	31876	31.49	14890	0.52	247	0.31	146	35.92	16986
Catawba	67.36	34244	31.95	16246	0.41	209	0.28	141	35.41	17998
Gaston	66.67	39453	32.58	19281	0.43	253	0.32	192	34.09	20172
Henderson	66.54	25688	32.54	12562	0.47	183	0.45	174	34.00	13126
Caldwell	66.39	17337	32.89	8588	0.36	95	0.36	95	33.50	8749
Cabarrus	66.05	32704	32.89	16284	0.49	242	0.30	151	33.16	16420
Johnston	66.12	27212	33.30	13704	0.38	157	0.20	82	32.82	13508
Surry	65.93	15401	33.21	7757	0.36	85	0.49	115	32.72	7644
Carteret	65.39	17381	33.25	8839	0.40	106	0.50	132	32.14	8542
Rowan	65.53	28922	33.74	14891	0.33	146	0.39	174	31.79	14031
Cherokee	65.17	6305	33.48	3239	0.54	52	0.81	78	31.69	3066
Iredell	65.49	29853	33.86	15434	1.02	463	0.96	436	31.63	14419
McDowell	65.01	9109	33.88	4747	0.28	39	0.41	57	31.13	4362
Onslow	65.06	19657	33.99	10269	0.55	167	0.40	122	31.07	9388
Lincoln	65.03	15951	34.29	8412	0.37	90	0.31	76	30.74	7539
Macon	63.52	8406	35.39	4683	0.55	73	0.54	72	28.13	3723
Rutherford	63.34	13755	35.44	7697	0.43	93	0.79	171	27.90	6058
Transylvania	63.35	9011	35.46	5044	0.64	91	0.56	79	27.89	3967
Moore	63.52	19882	35.88	11232	0.34	106	0.26	81	27.64	8650
Clay	62.72	2416	35.33	1361	0.78	30	0.65	25	27.39	1055
Alamance	62.23	29305	37.08	17459	0.33	157	0.36	170	25.15	11846
Polk	61.11	5074	37.50	3114	0.75	62	0.64	53	23.61	1960
Harnett	61.08	14762	37.88	9155	0.30	72	0.31	74	23.20	5607
Wayne	61.26	20758	38.38	13005	0.19	65	0.17	56	22.88	7753
Craven	60.95	19494	38.18	12213	0.35	113	0.52	165	22.77	7281
Beaufort	60.83	10531	38.32	6634	0.36	63	0.23	40	22.51	3897
Currituck	60.77	4095	38.51	2595	0.46	31	0.27	18	22.26	1500
Ashe	60.35	6226	38.88	4011	0.41	42	0.36	37	21.47	2215
Burke	60.23	18466	38.89	11924	0.41	125	0.47	143	21.34	6542
Alleghany	58.68	2531	39.76	1715	0.37	16	1.18	51	18.92	816
Nash	58.97	17995	40.56	12376	0.00	0	0.00	0	18.41	5619
Rockingham	58.35	18979	40.76	13260	0.23	75	0.39	127	17.59	5719
Cleveland	58.22	19064	41.09	13455	0.33	109	0.32	104	17.13	5609
Lee	57.77	9406	41.67	6785	0.31	51	0.25	41	16.10	2621
Camden	57.51	1628	41.93	1187	0.32	9	0.25	7	15.58	441
Pamlico	57.21	2999	41.74	2188	0.69	36	0.36	19	15.47	811
Greene	57.12	3353	42.21	2478	0.14	8	0.51	30	14.91	875
Yancey	56.71	4970	42.38	3714	0.11	10	0.67	59	14.33	1256
Person	56.81	6722	42.61	5042	0.36	43	0.22	26	14.20	1680
Madison	56.17	4676	42.10	3505	0.48	40	0.66	55	14.07	1171
Watauga	55.75	10438	42.51	7959	0.81	151	0.30	57	13.24	2479
Dare	56.15	7301	42.99	5589	0.61	79	0.25	33	13.16	1712
Forsyth	55.98	67700	43.37	52457	0.37	442	0.28	343	12.61	15243
New_Hanover	55.04	36503	44.17	29292	0.57	377	0.22	147	10.87	7211
Montgomery	55.11	4946	44.34	3979	0.21	19	0.22	20	10.77	967
Haywood	50.79	12118	41.05	9793	0.45	107	0.44	104	9.74	2325
Duplin	54.48	7840	45.00	6475	0.25	36	0.22	32	9.48	1365
Lenoir	54.40	11512	45.02	9527	0.20	43	0.25	53	9.38	1985
Wilson	54.24	13466	45.38	11266	0.21	51	0.17	43	8.86	2200
Buncombe	53.93	46101	45.09	38545	0.55	471	0.42	359	8.84	7556
Pender	54.13	7661	45.32	6415	0.26	37	0.29	41	8.81	1246
Sampson	54.11	10410	45.57	8768	0.17	33	0.15	28	8.54	1642
Pitt	53.84	23192	45.70	19685	0.27	115	0.19	81	8.14	3507
Brunswick	53.49	15427	45.49	13118	0.47	136	0.55	158	8.00	2309
Jones	53.33	2114	45.96	1822	0.33	13	0.38	15	7.37	292
Wake	52.90	142494	45.83	123466	0.65	1754	0.18	497	7.07	19028
Franklin	52.96	8501	46.44	7454	0.39	62	0.21	34	6.52	1047
Perquimans	51.79	2230	47.21	2033	0.53	23	0.46	20	4.58	197
Jackson	51.46	6237	47.21	5722	0.73	88	0.61	74	4.25	515
Swain	50.89	2224	47.99	2097	0.50	22	0.57	25	2.90	127
Mecklenburg	50.97	134068	48.25	126911	0.49	1291	0.19	487	2.72	7157
Guilford	50.76	84394	48.59	80787	0.34	569	0.29	485	2.17	3607
Caswell	50.70	4270	48.58	4091	0.31	26	0.42	35	2.12	179
Hyde	50.60	1132	48.64	1088	0.45	10	0.31	7	1.96	44
Chowan	49.39	2415	49.69	2430	0.57	28	0.35	17	-0.30	-15
Cumberland	49.42	38129	50.07	38626	0.31	237	0.21	159	-0.65	-497
Chatham	48.96	10248	49.98	10461	0.71	148	0.28	58	-1.02	-213
Granville	48.47	7364	50.90	7733	0.46	70	0.18	27	-2.43	-369
Martin	47.19	4420	52.63	4929	0.04	4	0.14	13	-5.44	-509
Bladen	45.63	4977	53.99	5889	0.17	18	0.22	24	-8.36	-912
Pasquotank	45.34	4943	53.88	5874	0.35	38	0.44	48	-8.54	-931
Columbus	45.28	8342	54.20	9986	0.26	48	0.27	49	-8.92	-1644
Tyrrell	45.08	706	54.21	849	0.32	5	0.38	6	-9.13	-143
Washington	44.36	2169	55.30	2704	0.14	7	0.20	10	-10.94	-535
Richmond	43.89	6263	55.61	7935	0.21	30	0.29	41	-11.72	-1672
Vance	43.81	5564	55.84	7092	0.25	32	0.10	13	-12.03	-1528
Gates	42.95	1480	56.41	1944	0.15	5	0.20	7	-13.46	-464
Hoke	40.07	3439	58.46	5017	1.06	91	0.41	35	-18.39	-1578
Scotland	39.77	3740	59.84	5627	0.12	11	0.27	25	-20.07	-1887
Anson	39.59	3161	60.01	4792	0.18	14	0.23	18	-20.42	-1631
Robeson	39.40	11721	59.95	17834	0.17	52	0.27	81	-20.55	-6113
Halifax	39.47	6698	60.24	10222	0.15	25	0.15	25	-20.77	-3524
Edgecombe	37.56	6836	62.16	11315	0.16	30	0.12	21	-24.60	-4479
Orange	36.34	17930	62.66	30921	0.79	392	0.15	75	-26.32	-12991
Durham	35.39	30150	63.27	53907	0.51	433	0.12	103	-27.88	-23757
Bertie	34.67	2488	64.94	4660	0.15	11	0.24	17	-30.27	-2172
Northampton	32.52	2667	67.23	5513	0.11	9	0.13	11	-34.71	-2846
Warren	32.41	2202	67.34	4576	0.10	7	0.12	8	-34.93	-2374
Hertford	30.16	2382	69.44	5484	0.22	17	0.18	14	-39.28	-3102
