County DEM_PCT DEM_NUM GOP_PCT GOP_NUM AIP_PCT AIP_NUM LIB_PCT LIB_NUM OTH_PCT OTH_NUM Margin_PCT Margin_NUM 
Robeson	80.53	20695	19.09	4907	0.21	54	0.04	9	0.13	34	61.43	15788
Northampton	80.22	5118	19.40	1238	0.28	18	0.03	2	0.06	4	60.82	3880
Bladen	79.18	6009	20.37	1546	0.34	26	0.08	6	0.03	2	58.81	4463
Columbus	77.41	11148	22.11	3184	0.35	51	0.06	9	0.06	9	55.30	7964
Hoke	77.27	3186	22.31	920	0.19	8	0.15	6	0.07	3	54.96	2266
Gates	75.66	2291	23.84	722	0.13	4	0.23	7	0.13	4	51.82	1569
Richmond	75.38	8793	24.41	2848	0.15	17	0.05	6	0.01	1	50.96	5945
Bertie	75.27	4117	24.35	1332	0.24	13	0.07	4	0.07	4	50.91	2785
Anson	74.65	4796	25.03	1608	0.14	9	0.06	4	0.12	8	49.62	3188
Hertford	72.33	3986	27.53	1517	0.04	2	0.04	2	0.07	4	44.80	2469
Martin	69.74	4518	29.81	1931	0.32	21	0.06	4	0.06	4	39.94	2587
Scotland	69.32	4430	30.23	1932	0.25	16	0.05	3	0.16	10	39.09	2498
Tyrrell	68.97	900	30.88	403	0.15	2	0.00	0	0.00	0	38.08	497
Warren	68.72	3185	30.79	1427	0.32	15	0.09	4	0.09	4	37.93	1758
Camden	68.05	1231	31.07	562	0.88	16	0.00	0	0.00	0	36.98	669
Pender	67.64	4422	31.55	2063	0.60	39	0.09	6	0.12	8	36.08	2359
Jones	66.95	2016	31.48	948	1.36	41	0.10	3	0.10	3	35.47	1068
Caswell	67.54	3707	32.08	1761	0.35	19	0.04	2	0.00	0	35.45	1946
Currituck	67.26	1999	32.10	954	0.47	14	0.03	1	0.13	4	35.16	1045
Franklin	66.75	5405	32.48	2630	0.54	44	0.17	14	0.05	4	34.27	2775
Brunswick	66.66	7377	32.86	3636	0.33	36	0.14	15	0.02	2	33.81	3741
Greene	66.41	2740	32.86	1356	0.34	14	0.22	9	0.17	7	33.54	1384
Pamlico	65.85	2113	33.28	1068	0.59	19	0.19	6	0.09	3	32.56	1045
Duplin	65.81	7696	33.45	3912	0.56	66	0.10	12	0.07	8	32.36	3784
Washington	65.08	2840	34.05	1486	0.66	29	0.07	3	0.14	6	31.03	1354
Perquimans	64.55	1666	35.22	909	0.12	3	0.08	2	0.04	1	29.33	757
Chowan	64.43	1862	35.26	1019	0.24	7	0.03	1	0.03	1	29.17	843
Haywood	64.20	10692	35.33	5885	0.28	47	0.11	19	0.07	12	28.86	4807
Cleveland	63.73	14406	35.86	8106	0.24	55	0.07	16	0.10	22	27.87	6300
Granville	63.56	5244	35.81	2955	0.41	34	0.11	9	0.11	9	27.74	2289
Hyde	63.10	1084	36.26	623	0.41	7	0.12	2	0.12	2	26.83	461
Union	62.79	10578	36.71	6184	0.30	50	0.11	18	0.10	17	26.08	4394
Cumberland	62.79	24297	36.77	14226	0.22	87	0.14	54	0.08	30	26.03	10071
Orange	62.28	15755	36.77	9302	0.22	55	0.39	99	0.34	86	25.51	6453
Alleghany	62.21	2550	37.37	1532	0.24	10	0.07	3	0.10	4	24.84	1018
Edgecombe	61.69	8001	37.39	4850	0.78	101	0.07	9	0.07	9	24.29	3151
Pasquotank	61.49	4302	37.89	2651	0.50	35	0.09	6	0.03	2	23.60	1651
Rutherford	60.51	10361	39.23	6718	0.17	29	0.06	10	0.04	6	21.27	3643
Harnett	59.99	8992	39.60	5935	0.26	39	0.07	10	0.08	12	20.40	3057
Montgomery	59.72	4308	39.81	2872	0.25	18	0.08	6	0.14	10	19.91	1436
Halifax	59.54	7892	39.66	5257	0.62	82	0.09	12	0.08	11	19.88	2635
Chatham	59.62	6397	39.88	4279	0.21	23	0.21	23	0.07	8	19.74	2118
Jackson	59.37	5223	40.19	3536	0.16	14	0.11	10	0.17	15	19.17	1687
Vance	59.40	5620	40.30	3813	0.20	19	0.07	7	0.02	2	19.10	1807
Yancey	59.13	3932	40.42	2688	0.29	19	0.11	7	0.06	4	18.71	1244
Rockingham	58.64	13413	40.93	9362	0.29	67	0.08	18	0.05	12	17.71	4051
Lincoln	58.36	9462	41.21	6682	0.30	48	0.09	15	0.04	7	17.15	2780
Burke	58.32	14254	41.20	10070	0.27	66	0.12	30	0.08	20	17.12	4184
Madison	58.23	3433	41.49	2446	0.10	6	0.03	2	0.15	9	16.74	987
McDowell	58.10	6246	41.40	4450	0.34	37	0.06	6	0.10	11	16.71	1796
Lee	57.78	5104	41.78	3691	0.22	19	0.15	13	0.08	7	16.00	1413
Alamance	57.43	17371	41.92	12680	0.46	138	0.13	38	0.07	20	15.51	4691
Surry	57.31	10024	42.33	7403	0.26	46	0.09	15	0.01	2	14.99	2621
Swain	57.04	2151	42.64	1608	0.19	7	0.08	3	0.05	2	14.40	543
Onslow	56.90	7954	42.59	5953	0.27	38	0.12	17	0.11	16	14.32	2001
Person	56.52	3977	43.17	3038	0.21	15	0.01	1	0.09	6	13.34	939
Dare	56.31	2191	43.18	1680	0.31	12	0.15	6	0.05	2	13.13	511
Craven	55.75	7553	43.41	5881	0.52	70	0.21	28	0.12	16	12.34	1672
Sampson	55.77	8869	43.82	6968	0.18	28	0.14	23	0.09	14	11.95	1901
Beaufort	54.72	5728	44.68	4677	0.44	46	0.11	11	0.05	5	10.04	1051
Carteret	54.72	7080	44.72	5786	0.42	54	0.13	17	0.02	2	10.00	1294
Pitt	54.61	11636	44.73	9532	0.31	66	0.18	39	0.17	36	9.87	2104
Johnston	54.56	10301	45.08	8511	0.23	44	0.09	17	0.04	8	9.48	1790
Polk	54.28	3155	44.82	2605	0.83	48	0.07	4	0.00	0	9.46	550
Wilson	54.41	8209	45.04	6795	0.41	62	0.08	12	0.06	9	9.37	1414
Caldwell	54.37	11894	45.13	9872	0.24	52	0.15	33	0.11	24	9.24	2022
Macon	54.22	4403	45.23	3673	0.31	25	0.12	10	0.11	9	8.99	730
Buncombe	53.88	26633	45.44	22461	0.36	177	0.17	84	0.15	73	8.44	4172
Durham	53.93	22425	45.56	18945	0.22	90	0.14	58	0.16	66	8.37	3480
Gaston	53.48	22878	46.12	19727	0.21	90	0.12	51	0.07	30	7.37	3151
Iredell	52.88	13295	46.03	11573	0.87	218	0.10	25	0.12	31	6.85	1722
Alexander	53.00	5287	46.73	4661	0.20	20	0.06	6	0.01	1	6.28	626
Transylvania	52.71	4636	46.49	4089	0.53	47	0.17	15	0.09	8	6.22	547
Cherokee	52.14	3571	46.87	3210	0.88	60	0.06	4	0.06	4	5.27	361
Graham	52.31	1791	47.34	1621	0.23	8	0.03	1	0.09	3	4.96	170
Stokes	52.29	6647	47.43	6029	0.23	29	0.01	1	0.04	5	4.86	618
Clay	52.09	1569	47.41	1428	0.46	14	0.03	1	0.00	0	4.68	141
New_Hanover	50.89	14504	48.02	13687	0.73	208	0.20	58	0.16	45	2.87	817
Nash	50.73	8937	48.12	8477	1.00	176	0.11	19	0.04	7	2.61	460
Ashe	51.14	5193	48.62	4937	0.19	19	0.01	1	0.05	5	2.52	256
Rowan	50.79	15363	48.41	14644	0.60	183	0.08	25	0.11	33	2.38	719
Stanly	50.92	9262	48.63	8845	0.34	61	0.07	12	0.05	10	2.29	417
Guilford	50.44	46826	48.94	45441	0.30	274	0.17	157	0.16	146	1.49	1385
Mecklenburg	50.34	63198	49.16	61715	0.17	211	0.17	210	0.17	215	1.18	1483
Forsyth	50.13	39561	49.27	38886	0.27	211	0.15	121	0.18	145	0.86	675
Wake	49.47	44005	49.80	44291	0.20	182	0.31	280	0.21	188	-0.32	-286
Watauga	49.46	5358	49.85	5400	0.35	38	0.16	17	0.18	20	-0.39	-42
Lenoir	49.41	7650	49.83	7715	0.56	87	0.12	19	0.08	13	-0.42	-65
Moore	49.06	7373	50.41	7577	0.28	42	0.16	24	0.09	14	-1.36	-204
Cabarrus	48.89	12049	50.54	12455	0.34	85	0.13	31	0.10	24	-1.65	-406
Wayne	48.76	9265	50.56	9607	0.54	103	0.05	9	0.09	17	-1.80	-342
Davidson	48.45	17859	51.03	18813	0.36	132	0.12	43	0.04	16	-2.59	-954
Catawba	47.21	16862	52.34	18696	0.28	101	0.10	36	0.06	23	-5.13	-1834
Randolph	46.72	12714	52.69	14337	0.39	107	0.12	34	0.07	20	-5.96	-1623
Wilkes	46.19	10176	53.41	11768	0.25	55	0.06	14	0.09	19	-7.23	-1592
Davie	42.95	3635	56.39	4772	0.52	44	0.08	7	0.06	5	-13.43	-1137
Yadkin	42.95	4497	56.50	5916	0.46	48	0.05	5	0.05	5	-13.55	-1419
Henderson	42.57	8155	56.54	10830	0.66	127	0.14	27	0.09	17	-13.96	-2675
Avery	37.42	1869	61.76	3085	0.50	25	0.10	5	0.22	11	-24.34	-1216
Mitchell	35.13	2031	64.49	3728	0.24	14	0.05	3	0.09	5	-29.35	-1697
