County DEM_NUM DEM_PCT GOP_NUM GOP_PCT CON_NUM CON_PCT Margin_NUM Margin_PCT Total_NUM 
Anderson	4809	58.78	3362	41.10	10	0.12	1447	17.68	8181
Andrews	2133	59.50	1442	40.22	10	0.28	691	19.28	3585
Angelina	8194	60.77	5262	39.02	28	0.21	2932	21.75	13484
Aransas	1492	71.01	602	28.65	7	0.33	890	42.36	2101
Archer	1766	80.02	441	19.98	0	0.00	1325	60.04	2207
Armstrong	544	59.85	365	40.15	0	0.00	179	19.70	909
Atascosa	3224	71.39	1283	28.41	9	0.20	1941	42.98	4516
Austin	2365	60.41	1545	39.46	5	0.13	820	20.95	3915
Bailey	1503	58.67	1056	41.22	3	0.12	447	17.45	2562
Bandera	876	53.45	762	46.49	1	0.06	114	6.96	1639
Bastrop	3912	77.48	1130	22.38	7	0.14	2782	55.10	5049
Baylor	1403	78.21	389	21.68	2	0.11	1014	56.53	1794
Bee	3314	68.58	1509	31.23	9	0.19	1805	37.35	4832
Bell	14557	83.13	2938	16.78	17	0.10	11619	66.35	17512
Bexar	108658	66.86	53469	32.90	393	0.24	55189	33.96	162520
Blanco	1197	80.44	290	19.49	1	0.07	907	60.95	1488
Borden	266	63.48	152	36.28	1	0.24	114	27.20	419
Bosque	2690	72.29	1024	27.52	7	0.19	1666	44.77	3721
Bowie	10368	59.55	7018	40.31	24	0.14	3350	19.24	17410
Brazoria	15917	64.98	8477	34.60	103	0.42	7440	30.38	24497
Brazos	7998	66.54	4003	33.31	18	0.15	3995	33.23	12019
Brewster	1251	66.30	635	33.65	1	0.05	616	32.65	1887
Briscoe	966	73.35	348	26.42	3	0.23	618	46.93	1317
Brooks	2299	85.05	402	14.87	2	0.07	1897	70.18	2703
Brown	5214	71.49	2070	28.38	9	0.12	3144	43.11	7293
Burleson	2527	80.30	617	19.61	3	0.10	1910	60.69	3147
Burnet	2585	75.81	821	24.08	4	0.12	1764	51.73	3410
Caldwell	3580	77.34	1046	22.60	3	0.06	2534	54.74	4629
Calhoun	3398	76.64	1031	23.25	5	0.11	2367	53.39	4434
Callahan	2178	71.72	849	27.96	10	0.33	1329	43.76	3037
Cameron	16056	62.57	9531	37.14	72	0.28	6525	25.43	25659
Camp	1841	71.44	729	28.29	7	0.27	1112	43.15	2577
Carson	1574	60.05	1044	39.83	3	0.11	530	20.22	2621
Cass	3603	57.26	2681	42.61	8	0.13	922	14.65	6292
Castro	1865	74.78	626	25.10	3	0.12	1239	49.68	2494
Chambers	1921	64.99	1023	34.61	12	0.41	898	30.38	2956
Cherokee	5485	64.25	3043	35.64	9	0.11	2442	28.61	8537
Childress	1977	67.45	952	32.48	2	0.07	1025	34.97	2931
Clay	2357	78.05	659	21.82	4	0.13	1698	56.23	3020
Cochran	1260	71.55	497	28.22	4	0.23	763	43.33	1761
Coke	900	70.92	366	28.84	3	0.24	534	42.08	1269
Coleman	2670	65.04	1434	34.93	1	0.02	1236	30.11	4105
Collin	7833	69.98	3341	29.85	19	0.17	4492	40.13	11193
Collingsworth	1145	61.16	724	38.68	3	0.16	421	22.48	1872
Colorado	3650	65.48	1918	34.41	6	0.11	1732	31.07	5574
Comal	3644	62.03	2223	37.84	8	0.14	1421	24.19	5875
Comanche	2851	74.65	962	25.19	6	0.16	1889	49.46	3819
Concho	948	75.48	307	24.44	1	0.08	641	51.04	1256
Cooke	4083	56.62	3117	43.23	11	0.15	966	13.39	7211
Coryell	3679	80.61	877	19.22	8	0.18	2802	61.39	4564
Cottle	1122	82.93	230	17.00	1	0.07	892	65.93	1353
Crane	919	58.95	637	40.86	3	0.19	282	18.09	1559
Crockett	799	65.98	409	33.77	3	0.25	390	32.21	1211
Crosby	2278	78.77	611	21.13	3	0.10	1667	57.64	2892
Culberson	473	60.10	314	39.90	0	0.00	159	20.20	787
Dallam	1058	60.15	700	39.80	1	0.06	358	20.35	1759
Dallas	166472	54.73	137065	45.06	621	0.20	29407	9.67	304158
Dawson	3171	65.14	1691	34.74	6	0.12	1480	30.40	4868
Deaf_Smith	2094	53.73	1793	46.01	10	0.26	301	7.72	3897
Delta	1619	82.60	339	17.30	2	0.10	1280	65.30	1960
Denton	9137	67.71	4335	32.13	22	0.16	4802	35.58	13494
Dewitt	3286	58.96	2283	40.97	4	0.07	1003	17.99	5573
Dickens	1324	79.42	339	20.34	4	0.24	985	59.08	1667
Dimmit	1184	70.14	501	29.68	3	0.18	683	40.46	1688
Donley	1068	60.14	708	39.86	0	0.00	360	20.28	1776
Duval	4432	92.55	353	7.37	4	0.08	4079	85.18	4789
Eastland	4692	69.49	2049	30.35	11	0.16	2643	39.14	6752
Ector	10826	48.36	11497	51.36	63	0.28	-671	-3.00	22386
Edwards	337	47.33	371	52.11	4	0.56	-34	-4.78	712
Ellis	7278	72.33	2779	27.62	5	0.05	4499	44.71	10062
El_Paso	35050	62.67	20687	36.99	190	0.34	14363	25.68	55927
Erath	3851	70.04	1642	29.87	5	0.09	2209	40.17	5498
Falls	3933	76.35	1216	23.61	2	0.04	2717	52.74	5151
Fannin	5976	83.00	1219	16.93	5	0.07	4757	66.07	7200
Fayette	3630	63.94	2036	35.86	11	0.19	1594	28.08	5677
Fisher	2108	82.12	454	17.69	5	0.19	1654	64.43	2567
Floyd	2383	65.81	1229	33.94	9	0.25	1154	31.87	3621
Foard	833	85.00	146	14.90	1	0.10	687	70.10	980
Fort_Bend	6186	63.78	3493	36.01	20	0.21	2693	27.77	9699
Franklin	1520	78.19	424	21.81	0	0.00	1096	56.38	1944
Freestone	2816	72.35	1074	27.60	2	0.05	1742	44.75	3892
Frio	1507	71.19	607	28.67	3	0.14	900	42.52	2117
Gaines	2045	63.89	1153	36.02	3	0.09	892	27.87	3201
Galveston	30672	71.04	12365	28.64	136	0.32	18307	42.40	43173
Garza	1254	68.64	567	31.03	6	0.33	687	37.61	1827
Gillespie	2264	57.17	1695	42.80	1	0.03	569	14.37	3960
Glasscock	179	49.31	183	50.41	1	0.28	-4	-1.10	363
Goliad	990	64.24	549	35.63	2	0.13	441	28.61	1541
Gonzales	3348	73.66	1190	26.18	7	0.15	2158	47.48	4545
Gray	3633	42.00	5011	57.93	6	0.07	-1378	-15.93	8650
Grayson	14207	72.01	5500	27.88	21	0.11	8707	44.13	19728
Gregg	8741	42.47	11761	57.14	82	0.40	-3020	-14.67	20584
Grimes	2229	68.65	1014	31.23	4	0.12	1215	37.42	3247
Guadalupe	4568	62.51	2731	37.37	9	0.12	1837	25.14	7308
Hale	5910	61.60	3666	38.21	18	0.19	2244	23.39	9594
Hall	1785	72.77	667	27.19	1	0.04	1118	45.58	2453
Hamilton	2048	67.02	1006	32.92	2	0.07	1042	34.10	3056
Hansford	860	41.83	1193	58.03	3	0.15	-333	-16.20	2056
Hardeman	1835	72.47	697	27.53	0	0.00	1138	44.94	2532
Hardin	5143	71.97	1987	27.81	16	0.22	3156	44.16	7146
Harris	227819	59.49	154401	40.32	765	0.20	73418	19.17	382985
Harrison	6351	53.24	5568	46.67	11	0.09	783	6.57	11930
Hartley	565	56.33	437	43.57	1	0.10	128	12.76	1003
Haskell	2903	84.86	512	14.97	6	0.18	2391	69.89	3421
Hays	3780	74.64	1279	25.26	5	0.10	2501	49.38	5064
Hemphill	649	53.50	563	46.41	1	0.08	86	7.09	1213
Henderson	4697	69.96	1988	29.61	29	0.43	2709	40.35	6714
Hidalgo	22110	65.50	11563	34.25	83	0.25	10547	31.25	33756
Hill	5130	76.61	1557	23.25	9	0.13	3573	53.36	6696
Hockley	4049	70.63	1674	29.20	10	0.17	2375	41.43	5733
Hood	1661	79.59	423	20.27	3	0.14	1238	59.32	2087
Hopkins	4133	73.14	1518	26.86	0	0.00	2615	46.28	5651
Houston	3681	68.60	1675	31.22	10	0.19	2006	37.38	5366
Howard	6083	64.94	3272	34.93	12	0.13	2811	30.01	9367
Hudspeth	438	65.86	224	33.68	3	0.45	214	32.18	665
Hunt	6567	66.47	3302	33.42	10	0.10	3265	33.05	9879
Hutchinson	4625	46.25	5358	53.58	17	0.17	-733	-7.33	10000
Irion	351	63.82	199	36.18	0	0.00	152	27.64	550
Jack	1594	65.22	847	34.66	3	0.12	747	30.56	2444
Jackson	2775	70.22	1168	29.55	9	0.23	1607	40.67	3952
Jasper	3600	65.02	1919	34.66	18	0.33	1681	30.36	5537
Jeff_Davis	304	63.47	174	36.33	1	0.21	130	27.14	479
Jefferson	44584	60.58	28771	39.09	239	0.32	15813	21.49	73594
Jim_Hogg	1375	89.87	152	9.93	3	0.20	1223	79.94	1530
Jim_Wells	6849	77.50	1988	22.50	0	0.00	4861	55.00	8837
Johnson	6381	66.18	3251	33.72	10	0.10	3130	32.46	9642
Jones	3622	73.62	1295	26.32	3	0.06	2327	47.30	4920
Karnes	3178	76.08	993	23.77	6	0.14	2185	52.31	4177
Kaufman	4766	71.20	1922	28.71	6	0.09	2844	42.49	6694
Kendall	970	44.64	1200	55.22	3	0.14	-230	-10.58	2173
Kenedy	115	78.77	30	20.55	1	0.68	85	58.22	146
Kent	563	83.04	115	16.96	0	0.00	448	66.08	678
Kerr	2894	51.60	2706	48.25	8	0.14	188	3.35	5608
Kimble	862	62.33	520	37.60	1	0.07	342	24.73	1383
King	180	84.11	34	15.89	0	0.00	146	68.22	214
Kinney	439	73.91	155	26.09	0	0.00	284	47.82	594
Kleberg	4568	73.32	1652	26.52	10	0.16	2916	46.80	6230
Knox	1773	80.01	439	19.81	4	0.18	1334	60.20	2216
Lamar	6303	70.78	2594	29.13	8	0.09	3709	41.65	8905
Lamb	4318	68.01	2022	31.85	9	0.14	2296	36.16	6349
Lampasas	2224	74.88	744	25.05	2	0.07	1480	49.83	2970
La_Salle	988	81.52	223	18.40	1	0.08	765	63.12	1212
Lavaca	4031	73.07	1480	26.83	6	0.11	2551	46.24	5517
Lee	1884	67.07	923	32.86	2	0.07	961	34.21	2809
Leon	2373	78.52	642	21.24	7	0.23	1731	57.28	3022
Liberty	5357	64.88	2884	34.93	16	0.19	2473	29.95	8257
Limestone	3777	71.77	1478	28.08	8	0.15	2299	43.69	5263
Lipscomb	589	43.57	763	56.43	0	0.00	-174	-12.86	1352
Live_Oak	1423	63.93	795	35.71	8	0.36	628	28.22	2226
Llano	1727	72.44	655	27.47	2	0.08	1072	44.97	2384
Loving	46	58.23	32	40.51	1	1.27	14	17.72	79
Lubbock	22057	55.89	17372	44.02	34	0.09	4685	11.87	39463
Lynn	2281	75.28	745	24.59	4	0.13	1536	50.69	3030
McCulloch	2100	76.06	655	23.72	6	0.22	1445	52.34	2761
McLennan	28429	72.25	10892	27.68	25	0.06	17537	44.57	39346
McMullen	267	60.27	175	39.50	1	0.23	92	20.77	443
Madison	1298	66.74	644	33.11	3	0.15	654	33.63	1945
Marion	1372	59.57	927	40.25	4	0.17	445	19.32	2303
Martin	892	68.77	402	30.99	3	0.23	490	37.78	1297
Mason	941	61.30	590	38.44	4	0.26	351	22.86	1535
Matagorda	4143	63.20	2407	36.72	5	0.08	1736	26.48	6555
Maverick	2113	79.41	545	20.48	3	0.11	1568	58.93	2661
Medina	3408	68.27	1583	31.71	1	0.02	1825	36.56	4992
Menard	588	59.70	397	40.30	0	0.00	191	19.40	985
Midland	8646	41.96	11906	57.78	53	0.26	-3260	-15.82	20605
Milam	4368	76.51	1334	23.37	7	0.12	3034	53.14	5709
Mills	1228	71.27	495	28.73	0	0.00	733	42.54	1723
Mitchell	2420	76.61	737	23.33	2	0.06	1683	53.28	3159
Montague	3746	77.14	1106	22.78	4	0.08	2640	54.36	4856
Montgomery	4989	60.87	3167	38.64	40	0.49	1822	22.23	8196
Moore	2393	57.54	1762	42.37	4	0.10	631	15.17	4159
Morris	2366	65.83	1218	33.89	10	0.28	1148	31.94	3594
Motley	678	67.53	324	32.27	2	0.20	354	35.26	1004
Nacogdoches	4524	60.17	2976	39.58	19	0.25	1548	20.59	7519
Navarro	6811	76.08	2139	23.89	3	0.03	4672	52.19	8953
Newton	2211	74.82	738	24.97	6	0.20	1473	49.85	2955
Nolan	3540	68.58	1610	31.19	12	0.23	1930	37.39	5162
Nueces	40426	74.10	14048	25.75	84	0.15	26378	48.35	54558
Ochiltree	920	33.61	1814	66.28	3	0.11	-894	-32.67	2737
Oldham	397	59.25	269	40.15	4	0.60	128	19.10	670
Orange	9390	60.02	6216	39.73	39	0.25	3174	20.29	15645
Palo_Pinto	3791	68.42	1748	31.55	2	0.04	2043	36.87	5541
Panola	2608	47.97	2818	51.83	11	0.20	-210	-3.86	5437
Parker	5270	70.66	2175	29.16	13	0.17	3095	41.50	7458
Parmer	1556	55.99	1216	43.76	7	0.25	340	12.23	2779
Pecos	2068	59.55	1393	40.11	12	0.35	675	19.44	3473
Polk	2492	67.35	1199	32.41	9	0.24	1293	34.94	3700
Potter	12850	52.62	11505	47.11	64	0.26	1345	5.51	24419
Presidio	1156	72.80	431	27.14	1	0.06	725	45.66	1588
Rains	893	76.46	272	23.29	3	0.26	621	53.17	1168
Randall	6016	43.34	7843	56.50	22	0.16	-1827	-13.16	13881
Reagan	614	60.08	406	39.73	2	0.20	208	20.35	1022
Real	487	65.55	255	34.32	1	0.13	232	31.23	743
Red_River	3391	72.86	1257	27.01	6	0.13	2134	45.85	4654
Reeves	2340	65.09	1251	34.80	4	0.11	1089	30.29	3595
Refugio	2319	75.02	772	24.98	0	0.00	1547	50.04	3091
Roberts	198	40.00	297	60.00	0	0.00	-99	-20.00	495
Robertson	3350	78.88	895	21.07	2	0.05	2455	57.81	4247
Rockwall	1305	74.36	445	25.36	5	0.28	860	49.00	1755
Runnels	2645	64.01	1480	35.82	7	0.17	1165	28.19	4132
Rusk	6528	54.25	5488	45.61	17	0.14	1040	8.64	12033
Sabine	1801	80.76	428	19.19	1	0.04	1373	61.57	2230
San_Augustine	1173	60.46	760	39.18	7	0.36	413	21.28	1940
San_Jacinto	1680	82.92	343	16.93	3	0.15	1337	65.99	2026
San_Patricio	7176	76.47	2188	23.32	20	0.21	4988	53.15	9384
San_Saba	1859	81.64	418	18.36	0	0.00	1441	63.28	2277
Schleicher	514	56.92	388	42.97	1	0.11	126	13.95	903
Scurry	3381	65.82	1741	33.89	15	0.29	1640	31.93	5137
Shackelford	934	65.59	487	34.20	3	0.21	447	31.39	1424
Shelby	3487	61.06	2220	38.87	4	0.07	1267	22.19	5711
Sherman	462	42.31	629	57.60	1	0.09	-167	-15.29	1092
Smith	12474	48.97	12960	50.88	38	0.15	-486	-1.91	25472
Somervell	641	75.06	210	24.59	3	0.35	431	50.47	854
Starr	4056	85.53	678	14.30	8	0.17	3378	71.23	4742
Stephens	1753	61.00	1119	38.94	2	0.07	634	22.06	2874
Sterling	243	63.28	140	36.46	1	0.26	103	26.82	384
Stonewall	978	81.57	219	18.27	2	0.17	759	63.30	1199
Sutton	694	66.03	357	33.97	0	0.00	337	32.06	1051
Swisher	2410	74.61	815	25.23	5	0.15	1595	49.38	3230
Tarrant	97092	62.98	56593	36.71	473	0.31	40499	26.27	154158
Taylor	13366	59.09	9220	40.76	34	0.15	4146	18.33	22620
Terrell	364	55.32	294	44.68	0	0.00	70	10.64	658
Terry	3034	65.50	1592	34.37	6	0.13	1442	31.13	4632
Throckmorton	883	78.14	247	21.86	0	0.00	636	56.28	1130
Titus	3528	67.60	1687	32.32	4	0.08	1841	35.28	5219
Tom_Green	9767	59.40	6664	40.53	12	0.07	3103	18.87	16443
Travis	44058	68.89	19838	31.02	62	0.10	24220	37.87	63958
Trinity	1654	68.12	763	31.43	11	0.45	891	36.69	2428
Tyler	1818	59.86	1216	40.04	3	0.10	602	19.82	3037
Upshur	4027	64.31	2222	35.48	13	0.21	1805	28.83	6262
Upton	958	59.73	636	39.65	10	0.62	322	20.08	1604
Uvalde	2358	54.51	1963	45.38	5	0.12	395	9.13	4326
Val_Verde	3555	72.52	1346	27.46	1	0.02	2209	45.06	4902
Van_Zandt	4047	71.30	1614	28.44	15	0.26	2433	42.86	5676
Victoria	8141	65.83	4201	33.97	25	0.20	3940	31.86	12367
Walker	2877	64.86	1557	35.10	2	0.05	1320	29.76	4436
Waller	2167	68.82	980	31.12	2	0.06	1187	37.70	3149
Ward	2221	56.17	1730	43.75	3	0.08	491	12.42	3954
Washington	2938	59.21	2019	40.69	5	0.10	919	18.52	4962
Webb	10073	90.08	1094	9.78	15	0.13	8979	80.30	11182
Wharton	6234	69.11	2775	30.76	11	0.12	3459	38.35	9020
Wheeler	1440	55.81	1138	44.11	2	0.08	302	11.70	2580
Wichita	19131	68.99	8585	30.96	14	0.05	10546	38.03	27730
Wilbarger	3200	67.48	1539	32.45	3	0.06	1661	35.03	4742
Willacy	2152	63.52	1230	36.30	6	0.18	922	27.22	3388
Williamson	7430	80.74	1766	19.19	6	0.07	5664	61.55	9202
Wilson	3472	82.77	718	17.12	5	0.12	2754	65.65	4195
Winkler	2059	55.97	1617	43.95	3	0.08	442	12.02	3679
Wise	3852	73.50	1386	26.45	3	0.06	2466	47.05	5241
Wood	3528	62.93	2068	36.89	10	0.18	1460	26.04	5606
Yoakum	1415	62.06	859	37.68	6	0.26	556	24.38	2280
Young	3395	67.95	1600	32.03	1	0.02	1795	35.92	4996
Zapata	1009	87.97	135	11.77	3	0.26	874	76.20	1147
Zavala	1784	74.80	598	25.07	3	0.13	1186	49.73	2385
Totals	1663185	63.32	958566	36.49	5060	0.19	704619	26.83	2626811
