State 1872 1876 1880 1884 1888 1892 1896 1900 1904 1908 1912 1916 1920 1924 1928 1932 1936 1940 1944 1948 1952 1956 1960
Alabama	5.89219	5.82414	6.57687	6.5094	5.71151	4.73031	5.6532	6.88826	10.1117	10.461	10.173	9.17936	5.0497	7.20318	4.81962	4.48332	3.99645	3.73871	4.49451	5.11675	2.58143	2.21385	1.9487
Alaska	0	0	0	0	0	0	0	0	0	0	0	0	0	0	0	0	0	0	0	0	0	0	4.93729
Arizona	0	0	0	0	0	0	0	0	0	0	12.6464	5.17053	4.50707	4.05619	3.28752	2.53697	2.41618	1.99948	2.90626	2.25906	1.5351	1.37849	1.00379
Arkansas	7.56619	6.18901	5.59231	5.56531	4.45695	5.40113	5.35665	6.25654	7.73056	5.92799	7.19401	5.29088	4.90097	6.49669	4.55251	4.08048	5.01608	4.48334	4.22626	3.71172	1.97628	1.96767	1.86694
California	6.26402	3.85148	3.65308	4.06116	3.18295	3.33817	3.01589	2.977	3.01315	2.58667	1.93014	1.30052	1.37705	1.01412	0.723566	0.970032	0.833686	0.673032	0.710051	0.621653	0.599071	0.585399	0.49181
Colorado	0	0	5.60265	4.50998	3.26278	4.26025	2.11038	1.80662	2.05198	1.89496	2.2482	2.03822	2.05442	1.75305	1.52967	1.31091	1.22779	1.09289	1.18803	1.16451	0.952225	0.904876	0.814945
Connecticut	6.24941	4.91263	4.518	4.37136	3.89666	3.64531	3.44056	3.32972	3.66247	3.68415	3.67651	3.27295	1.91509	1.74871	1.26575	1.34639	1.15821	1.02367	0.96155	0.905471	0.729321	0.716126	0.654192
Delaware	13.7475	12.4311	10.1598	10.0053	10.0793	8.05691	7.8011	7.14471	6.84055	6.24908	6.16091	5.79038	3.16205	3.30087	2.8331	2.65719	2.35104	2.19983	2.39309	2.15714	1.72389	1.68551	1.5253
Florida	12.0518	8.55138	7.74922	6.66777	6.01503	11.2768	8.60435	10.0885	12.9182	10.1296	11.8024	7.4318	4.11859	5.49682	2.36526	2.53392	2.13829	1.44184	1.65771	1.38494	1.01078	0.889506	0.647595
Georgia	7.91902	6.08777	7.02624	8.35596	8.39536	5.8263	8.00098	10.7075	9.92472	9.81102	11.5255	8.71291	9.44344	8.40452	6.10929	4.69502	4.09312	3.83937	3.65732	2.86558	1.82982	1.80865	1.63633
Hawaii	0	0	0	0	0	0	0	0	0	0	0	0	0	0	0	0	0	0	0	0	0	0	1.62421
Idaho	0	0	0	0	0	15.4583	10.1279	5.18009	4.13348	3.08347	3.78236	2.97143	2.94933	2.69732	2.63955	2.14333	2.00384	1.70091	1.92011	1.86206	1.44806	1.46526	1.33134
Illinois	4.88405	3.78906	3.37451	3.27055	2.94191	2.7471	2.20008	2.12033	2.50813	2.33715	2.53016	1.32257	1.38444	1.17406	0.933229	0.850957	0.732967	0.68754	0.693746	0.702803	0.602536	0.612605	0.567536
Indiana	4.27112	3.41755	3.18693	3.02827	2.79356	2.70947	2.35435	2.25872	2.19882	2.08008	2.29192	2.08667	1.18768	1.17888	1.05536	0.887803	0.848024	0.785305	0.77747	0.784923	0.664851	0.658359	0.608797
Iowa	5.084	3.75583	3.40033	3.44644	3.21675	2.93348	2.49258	2.45119	2.67438	2.62749	2.64037	2.52947	1.45238	1.33066	1.28778	1.06107	0.962604	0.905029	0.950029	0.963146	0.788163	0.810002	0.785046
Kansas	4.97453	4.0279	2.48477	3.38539	2.71781	3.07782	2.98912	2.82673	3.04357	2.65996	2.736	1.58777	1.75341	1.50954	1.40213	1.1364	1.04045	1.04615	1.09025	1.01417	0.892692	0.923528	0.861303
Kentucky	6.27828	4.6043	4.49263	4.70195	3.76956	3.81384	2.91527	2.77621	2.98202	2.64917	2.87157	2.49962	1.41503	1.59444	1.38209	1.11895	1.18764	1.13395	1.2674	1.33713	1.0069	0.948942	0.889314
Louisiana	6.21639	5.4861	7.68174	7.31267	6.90303	6.96324	7.91718	11.781	16.6951	11.9813	12.6186	10.7548	7.91164	8.20001	4.63321	3.72018	3.03234	2.68597	2.86219	2.40191	1.53386	1.61932	1.23779
Maine	7.73283	5.9806	4.86438	4.59801	4.67825	5.15238	5.06675	5.67681	6.18409	5.64249	4.6282	4.4016	3.03275	3.12188	2.28858	1.67536	1.64344	1.55841	1.68691	1.88831	1.42132	1.42164	1.18549
Maryland	5.9503	4.88522	4.62323	4.30063	3.79253	3.75102	3.19681	3.02533	3.56778	3.35386	3.44856	3.05298	1.86723	2.23071	1.51415	1.56539	1.28021	1.21191	1.31484	1.34063	0.997701	0.965302	0.852798
Massachusetts	6.7405	5.00732	4.60788	4.61463	4.06689	3.83604	3.73536	3.61616	3.59462	3.50171	3.6881	3.38458	1.81138	1.59315	1.14081	1.07587	0.923734	0.838681	0.81605	0.759321	0.67131	0.681284	0.64791
Michigan	4.96715	3.45423	3.11812	3.24039	2.73479	0.429143	2.56605	2.57174	2.66653	2.58384	2.72244	2.30424	1.43074	1.29264	1.09323	1.1413	1.05257	0.910865	0.861591	0.900641	0.714645	0.649252	0.602755
Minnesota	5.49939	4.02982	3.31629	3.68388	2.65871	3.36778	2.63341	2.8453	3.75606	3.32021	3.59046	3.09786	1.63079	1.45959	1.23587	1.09688	0.973473	0.879164	0.977318	0.907421	0.7974	0.820892	0.713412
Mississippi	6.17965	4.85507	6.87279	7.45724	7.77295	17.1366	12.9327	15.24	17.0297	14.9468	15.5079	11.5368	12.1224	8.89188	6.5923	6.16294	5.55247	5.11875	4.99778	4.68286	2.80179	3.22387	2.68302
Missouri	5.49332	4.27826	3.74709	3.62591	3.0689	3.13895	2.52261	2.48663	2.79563	2.51422	2.57671	2.28784	1.35054	1.37619	1.19942	0.931738	0.820284	0.818005	0.953911	0.950192	0.687081	0.709389	0.672035
Montana	0	0	0	0	0	6.74747	5.62534	4.69806	4.6552	4.35906	5.01089	2.25125	2.23456	2.29327	2.06071	1.84775	1.73527	1.61373	1.92906	1.7835	1.50922	1.47508	1.44103
Nebraska	11.5687	6.08173	3.43045	3.72572	2.46753	3.99616	3.58452	3.31359	3.54402	2.99851	3.20663	2.7844	2.09017	1.72349	1.46214	1.22777	1.15127	1.13659	1.06548	1.22714	0.984155	1.03961	0.978641
Nevada	20.4791	15.2353	16.3531	23.4428	24.4337	27.5783	29.0864	29.423	24.7625	12.2319	14.9142	9.00466	11.0318	11.1437	9.25438	7.24111	6.8418	5.64184	5.53158	4.82959	3.65007	3.10273	2.79676
New_Hampshire	7.25625	6.239	5.79011	4.72891	4.40358	4.47782	4.78068	4.33069	4.4365	4.46428	4.54746	4.48797	2.51427	2.42764	2.03296	1.94628	1.8339	1.6991	1.74197	1.72831	1.46547	1.49816	1.35244
New_Jersey	5.35357	4.08732	3.65961	3.44932	2.96246	2.96188	2.69388	2.49345	2.77426	2.56898	3.23521	2.83147	1.54877	1.28904	0.904279	0.981892	0.87891	0.810449	0.814763	0.8207	0.661279	0.644041	0.576969
New_Mexico	0	0	0	0	0	0	0	0	0	0	6.07581	4.49189	2.84614	2.65886	2.54207	1.97881	1.7733	1.63704	2.62769	2.13832	1.67639	1.57526	1.28573
New_York	4.22695	3.44657	3.17045	3.08439	2.72779	2.69301	2.52831	2.32552	2.41073	2.38044	2.83319	2.63728	1.55252	1.3787	1.02142	1.00243	0.839826	0.745843	0.744049	0.760846	0.631292	0.634441	0.617193
North_Carolina	6.05462	4.27513	4.1458	4.09903	3.85204	3.92479	3.31988	3.76045	5.77428	4.75146	4.92255	4.14026	2.22741	2.48608	1.88932	1.82712	1.54861	1.58026	1.77091	1.76944	1.15616	1.20111	1.02298
North_Dakota	0	0	0	0	0	8.30608	6.3303	5.19111	5.71313	4.23168	5.775	4.33313	2.42983	2.51154	2.08449	1.56073	1.46137	1.42463	1.81677	1.81228	1.48078	1.57486	1.43662
Ohio	4.15536	3.34017	3.03462	2.93139	2.73692	2.70536	2.26758	2.21138	2.28994	2.05073	2.31416	2.05993	1.18715	1.19034	0.956806	0.996272	0.863045	0.783153	0.792882	0.851478	0.675537	0.675262	0.600693
Oklahoma	0	0	0	0	0	0	0	0	0	2.72461	3.94009	3.41585	2.05503	1.89245	1.61701	1.5611	1.46718	1.33138	1.38382	1.38581	0.843007	0.930936	0.885789
Oregon	14.8905	10.0398	7.3495	5.69453	4.8502	5.09612	4.10618	4.80474	4.43685	3.60721	3.64857	1.91095	2.09624	1.78898	1.56278	1.35572	1.20767	1.03898	1.24962	1.14486	0.863236	0.815664	0.772777
Pennsylvania	5.14858	3.82085	3.31511	3.31908	3.00731	3.1904	2.67927	2.72756	2.74917	2.68255	3.12054	2.92941	2.05115	1.77169	1.20612	1.2591	0.869896	0.882631	0.922316	0.937045	0.698542	0.699224	0.639164
Rhode_Island	21.0592	15.0223	13.6822	12.2059	9.80991	7.51935	7.30126	7.07362	5.82614	5.5312	6.41897	5.69372	2.97653	2.37965	2.10798	1.5028	1.28544	1.24553	1.33656	1.22062	0.965023	1.03197	0.986351
South_Carolina	7.33352	3.83177	4.09479	9.69701	11.2504	12.7652	13.0552	17.7123	16.3286	13.5585	17.8748	14.073	13.4714	17.7333	13.1186	7.66231	6.93018	8.01345	7.73881	5.61124	2.34545	2.66149	2.06885
South_Dakota	0	0	0	0	0	5.6727	4.82218	4.16129	3.94496	3.48508	4.2983	3.87771	2.74368	2.45257	1.90938	1.38678	1.3492	1.2969	1.72357	1.59933	1.35924	1.36121	1.30511
Tennessee	6.70218	5.38737	4.94177	4.61577	3.95134	4.51583	3.73945	4.3818	4.94336	4.66599	4.76317	4.40868	2.79964	3.99634	3.30148	2.81866	2.30831	2.10396	2.34975	2.1807	1.23242	1.17096	1.04583
Texas	6.86141	5.3492	3.30953	3.99625	3.63623	3.55328	2.75337	3.54019	7.69204	6.12751	6.5548	5.3696	4.1098	3.04178	2.82088	2.66381	2.72679	2.0453	1.99942	1.84062	1.1561	1.22728	1.03847
Utah	0	0	0	0	0	0	3.84029	3.21926	2.95066	2.7621	3.55916	2.79435	2.74296	2.54793	2.26497	1.93631	1.84606	1.61408	1.61083	1.44768	1.21376	1.19762	1.06749
Vermont	9.43751	7.74556	7.66835	6.73388	6.11134	7.16896	6.26497	7.11591	7.7089	7.593	6.36526	6.20395	4.44637	3.88662	2.95877	2.1901	2.08784	2.09699	2.39309	2.43147	1.95367	1.96107	1.79293
Virginia	5.93968	4.65533	5.19809	4.21086	3.94624	4.10624	4.0723	4.54187	9.20174	8.75496	8.76072	7.89343	5.19406	5.36668	3.92981	3.69199	3.2876	3.17362	2.83151	2.62369	1.93645	1.71925	1.55551
Washington	0	0	0	0	0	4.54705	4.27428	3.7201	3.44469	2.71918	2.16853	1.8373	1.75564	1.66054	1.39765	1.30121	1.1555	1.00777	0.934221	0.88392	0.816172	0.782004	0.724887
West_Virginia	8.00421	5.01771	4.43604	4.54046	3.76317	3.50715	2.97387	2.71744	2.91684	2.71207	2.97588	2.76003	1.56881	1.37066	1.24465	1.0756	0.963919	0.921578	1.11795	1.06845	0.915805	0.962891	0.954903
Wisconsin	5.20007	3.88837	3.74258	3.43927	3.10196	3.22944	2.68211	2.71186	2.93162	2.86066	3.25028	2.90741	1.85375	1.5461	1.27848	1.07642	0.953471	0.853775	0.896089	0.93985	0.746561	0.773915	0.69401
Wyoming	0	0	0	0	0	17.9264	14.2233	12.1521	9.76941	7.97679	7.09285	5.78703	5.48445	3.75469	3.62165	3.09399	2.90186	2.67284	2.96033	2.95785	2.32106	2.41688	2.13095
TOTALS:	5.65514	4.38312	4.0024	3.98603	3.52099	3.67914	3.2069	3.19344	3.51938	3.24395	3.52958	2.86461	1.98392	1.82492	1.44266	0	1.16326	1.06408	0	1.08826	0.859892	0.856157	0.780155
